1,2285, 2109,2284, 2110,2283, 2110,2282, 2110,2281, 2110,2280, 2110,2279, 2110,2278, 2110,2277, 2111,2276, 2111,2275, 2111,2274, 2111,2273, 2112,2272, 2112,2271, 2112,2270, 2112,2269, 2113,2268, 2113,2267, 2113,2266, 2114,2265, 2114,2264, 2114,2263, 2115,2262, 2115,2261, 2115,2260, 2116,2259, 2116,2258, 2117,2257, 2117,2256, 2118,2255, 2118,2254, 2119,2253, 2119,2252, 2120,2251, 2120,2250, 2121,2249, 2122,2248, 2122,2247, 2123,2246, 2123,2245, 2124,2244, 2125,2243, 2126,2242, 2126,2241, 2127,2240, 2128,2239, 2129,2238, 2130,2237, 2130,2236, 2131,2235, 2132,2234, 2133,2233, 2134,2232, 2135,2231, 2136,2230, 2137,2229, 2138,2229, 2139,2228, 2140,2227, 2141,2226, 2142,2225, 2143,2225, 2144,2224, 2145,2223, 2146,2222, 2147,2222, 2148,2221, 2149,2221, 2150,2220, 2151,2219, 2152,2219, 2153,2218, 2154,2218, 2155,2217, 2156,2217, 2157,2216, 2158,2216, 2159,2215, 2160,2215, 2161,2214, 2162,2214, 2163,2214, 2164,2213, 2165,2213, 2166,2213, 2167,2212, 2168,2212, 2169,2212, 2170,2211, 2171,2211, 2172,2211, 2173,2211, 2174,2210, 2175,2210, 2176,2210, 2177,2210, 2178,2209, 2179,2209, 2180,2209, 2181,2209, 2182,2209, 2183,2209, 2184,2209, 2185,2208, 2186,2208, 2187,2208, 2188,2208, 2189,2208, 2190,2208, 2191,2208, 2192,2208, 2193,2208, 2194,2208, 2195,2208, 2196,2208, 2197,2208, 2198,2208, 2199,2208, 2200,2208, 2201,2208, 2202,2208, 2203,2208, 2204,2209, 2205,2209, 2206,2209, 2207,2209, 2208,2209, 2209,2209, 2210,2209, 2211,2210, 2212,2210, 2213,2210, 2214,2210, 2215,2211, 2216,2211, 2217,2211, 2218,2211, 2219,2212, 2220,2212, 2221,2212, 2222,2213, 2223,2213, 2224,2213, 2225,2214, 2226,2214, 2227,2214, 2228,2215, 2229,2215, 2230,2216, 2231,2216, 2232,2217, 2233,2217, 2234,2218, 2235,2218, 2236,2219, 2237,2219, 2238,2220, 2239,2221, 2240,2221, 2241,2222, 2242,2222, 2243,2223, 2244,2224, 2245,2225, 2246,2225, 2247,2226, 2248,2227, 2249,2228, 2250,2229, 2251,2229, 2252,2230, 2253,2231, 2254,2232, 2255,2233, 2256,2234, 2257,2235, 2258,2236, 2259,2237, 2260,2238, 2260,2239, 2261,2240, 2262,2241, 2263,2242, 2264,2243, 2264,2244, 2265,2245, 2266,2246, 2267,2247, 2267,2248, 2268,2249, 2268,2250, 2269,2251, 2270,2252, 2270,2253, 2271,2254, 2271,2255, 2272,2256, 2272,2257, 2273,2258, 2273,2259, 2274,2260, 2274,2261, 2275,2262, 2275,2263, 2275,2264, 2276,2265, 2276,2266, 2276,2267, 2277,2268, 2277,2269, 2277,2270, 2278,2271, 2278,2272, 2278,2273, 2278,2274, 2279,2275, 2279,2276, 2279,2277, 2279,2278, 2280,2279, 2280,2280, 2280,2281, 2280,2282, 2280,2283, 2280,2284, 2280,2285, 2281,2286, 2281,2287, 2281,2288, 2281,2289, 2281,2290, 2281,2291, 2281,2292, 2281,2293, 2281,2294, 2281,2295, 2281,2296, 2281,2297, 2281,2298, 2281,2299, 2281,2300, 2281,2301, 2281,2302, 2281,2303, 2281,2304, 2280,2305, 2280,2306, 2280,2307, 2280,2308, 2280,2309, 2280,2310, 2280,2311, 2279,2312, 2279,2313, 2279,2314, 2279,2315, 2278,2316, 2278,2317, 2278,2318, 2278,2319, 2277,2320, 2277,2321, 2277,2322, 2276,2323, 2276,2324, 2276,2325, 2275,2326, 2275,2327, 2275,2328, 2274,2329, 2274,2330, 2273,2331, 2273,2332, 2272,2333, 2272,2334, 2271,2335, 2271,2336, 2270,2337, 2270,2338, 2269,2339, 2268,2340, 2268,2341, 2267,2342, 2267,2343, 2266,2344, 2265,2345, 2264,2346, 2264,2347, 2263,2348, 2262,2349, 2261,2350, 2260,2351, 2260,2352, 2259,2353, 2258,2354, 2257,2355, 2256,2356, 2255,2357, 2254,2358, 2253,2359, 2252,2359, 2251,2360, 2250,2361, 2249,2362, 2248,2363, 2247,2363, 2246,2364, 2245,2365, 2244,2366, 2243,2366, 2242,2367, 2241,2367, 2240,2368, 2239,2369, 2238,2369, 2237,2370, 2236,2370, 2235,2371, 2234,2371, 2233,2372, 2232,2372, 2231,2373, 2230,2373, 2229,2374, 2228,2374, 2227,2374, 2226,2375, 2225,2375, 2224,2375, 2223,2376, 2222,2376, 2221,2376, 2220,2377, 2219,2377, 2218,2378, 2217,2379, 2217,2380, 2217,2381, 2217,2382, 2217,2383, 2217,2384, 2216,2385, 2216,2385, 2215,2385, 2214,2385, 2213,2385, 2212,2385, 2211,2386, 2210,2386, 2209,2386, 2208,2386, 2207,2386, 2206,2386, 2205,2386, 2204,2386, 2203,2386, 2202,2386, 2201,2386, 2200,2386, 2199,2386, 2198,2386, 2197,2386, 2196,2386, 2195,2386, 2194,2386, 2193,2386, 2192,2386, 2191,2386, 2190,2386, 2189,2386, 2188,2386, 2187,2386, 2186,2386, 2185,2386, 2184,2386, 2183,2386, 2182,2386, 2181,2386, 2180,2385, 2179,2385, 2178,2385, 2177,2385, 2176,2385, 2175,2385, 2174,2385, 2173,2384, 2172,2384, 2171,2384, 2170,2383, 2169,2383, 2168,2383, 2167,2383, 2166,2382, 2165,2382, 2164,2381, 2163,2381, 2162,2381, 2161,2381, 2160,2381, 2159,2380, 2158,2380, 2157,2379, 2156,2379, 2155,2379, 2154,2378, 2153,2378, 2152,2377, 2151,2377, 2150,2376, 2150,2375, 2149,2374, 2148,2374, 2147,2374, 2146,2374, 2145,2373, 2144,2373, 2143,2372, 2142,2372, 2141,2371, 2141,2370, 2141,2369, 2141,2368, 2141,2367, 2141,2366, 2141,2365, 2141,2364, 2141,2363, 2141,2362, 2141,2361, 2141,2360, 2140,2359, 2139,2359, 2138,2358, 2137,2357, 2136,2356, 2135,2355, 2134,2354, 2133,2353, 2132,2352, 2131,2351, 2130,2350, 2130,2349, 2129,2348, 2128,2347, 2127,2346, 2126,2345, 2126,2344, 2125,2343, 2124,2342, 2123,2341, 2123,2340, 2122,2339, 2122,2338, 2121,2337, 2120,2336, 2120,2335, 2119,2334, 2119,2333, 2118,2332, 2118,2331, 2117,2330, 2117,2329, 2116,2328, 2116,2327, 2115,2326, 2115,2325, 2115,2324, 2114,2323, 2114,2322, 2114,2321, 2113,2320, 2113,2319, 2113,2318, 2112,2317, 2112,2316, 2112,2315, 2112,2314, 2111,2313, 2111,2312, 2111,2311, 2111,2310, 2110,2309, 2110,2308, 2110,2307, 2110,2306, 2110,2305, 2110,2304, 2110,2303, 2109,2302, 2109,2301, 2109,2300, 2109,2299, 2109,2298, 2109,2297, 2109,2296, 2109,2295, 2109,2294, 2109,2293, 2109,2292, 2109,2291, 2109,2290, 2109,2289, 2109,2288, 2109,2287, 2109,2286, 2109
1,2445, 2073,2444, 2074,2443, 2074,2442, 2074,2441, 2074,2440, 2074,2439, 2074,2438, 2075,2437, 2075,2436, 2075,2435, 2075,2434, 2075,2433, 2076,2432, 2076,2431, 2076,2430, 2076,2429, 2077,2428, 2077,2427, 2077,2426, 2078,2425, 2078,2424, 2078,2423, 2079,2422, 2079,2421, 2079,2420, 2080,2419, 2080,2418, 2081,2417, 2081,2416, 2081,2415, 2082,2414, 2082,2413, 2083,2412, 2084,2411, 2084,2410, 2085,2409, 2085,2408, 2086,2407, 2086,2406, 2087,2405, 2088,2404, 2088,2403, 2089,2402, 2090,2401, 2090,2400, 2091,2399, 2092,2398, 2093,2397, 2093,2396, 2094,2395, 2095,2394, 2096,2393, 2097,2392, 2098,2391, 2099,2390, 2100,2389, 2101,2388, 2102,2387, 2103,2386, 2104,2385, 2105,2384, 2106,2384, 2107,2383, 2108,2382, 2109,2381, 2110,2381, 2111,2380, 2112,2379, 2113,2379, 2114,2378, 2115,2377, 2116,2377, 2117,2376, 2118,2376, 2119,2375, 2120,2375, 2121,2374, 2122,2373, 2123,2373, 2124,2372, 2125,2372, 2126,2372, 2127,2371, 2128,2371, 2129,2370, 2130,2370, 2131,2370, 2132,2369, 2133,2369, 2134,2369, 2135,2368, 2136,2368, 2137,2368, 2138,2367, 2139,2367, 2140,2366, 2141,2365, 2141,2364, 2141,2363, 2141,2362, 2141,2361, 2141,2360, 2141,2359, 2142,2359, 2143,2359, 2144,2359, 2145,2359, 2146,2359, 2147,2358, 2148,2358, 2149,2358, 2150,2358, 2151,2358, 2152,2358, 2153,2358, 2154,2358, 2155,2358, 2156,2358, 2157,2358, 2158,2358, 2159,2358, 2160,2358, 2161,2358, 2162,2358, 2163,2358, 2164,2358, 2165,2358, 2166,2358, 2167,2358, 2168,2358, 2169,2358, 2170,2358, 2171,2358, 2172,2358, 2173,2358, 2174,2358, 2175,2358, 2176,2358, 2177,2358, 2178,2358, 2179,2359, 2180,2359, 2181,2359, 2182,2359, 2183,2359, 2184,2360, 2185,2360, 2186,2360, 2187,2360, 2188,2360, 2189,2360, 2190,2361, 2191,2361, 2192,2361, 2193,2361, 2194,2362, 2195,2362, 2196,2362, 2197,2363, 2198,2363, 2199,2363, 2200,2364, 2201,2364, 2202,2364, 2203,2365, 2204,2365, 2205,2366, 2206,2366, 2207,2366, 2208,2367, 2209,2367, 2210,2368, 2211,2369, 2212,2369, 2213,2370, 2214,2370, 2215,2371, 2216,2371, 2217,2372, 2217,2373, 2217,2374, 2217,2375, 2217,2376, 2217,2377, 2217,2378, 2217,2379, 2217,2380, 2217,2381, 2217,2382, 2218,2383, 2219,2384, 2220,2384, 2221,2385, 2222,2386, 2223,2387, 2224,2388, 2225,2389, 2226,2390, 2227,2391, 2228,2392, 2229,2393, 2230,2394, 2231,2395, 2232,2396, 2233,2397, 2234,2398, 2234,2399, 2235,2400, 2236,2401, 2237,2402, 2237,2403, 2238,2404, 2239,2405, 2239,2406, 2240,2407, 2241,2408, 2241,2409, 2242,2410, 2242,2411, 2243,2412, 2243,2413, 2244,2414, 2245,2415, 2245,2416, 2246,2417, 2246,2418, 2246,2419, 2247,2420, 2247,2421, 2248,2422, 2248,2423, 2248,2424, 2249,2425, 2249,2426, 2249,2427, 2250,2428, 2250,2429, 2250,2430, 2251,2431, 2251,2432, 2251,2433, 2251,2434, 2252,2435, 2252,2436, 2252,2437, 2252,2438, 2252,2439, 2253,2440, 2253,2441, 2253,2442, 2253,2443, 2253,2444, 2253,2445, 2254,2446, 2254,2447, 2254,2448, 2254,2449, 2254,2450, 2254,2451, 2254,2452, 2254,2453, 2254,2454, 2254,2455, 2254,2456, 2254,2457, 2254,2458, 2254,2459, 2254,2460, 2254,2461, 2254,2462, 2254,2463, 2254,2464, 2254,2465, 2253,2466, 2253,2467, 2253,2468, 2253,2469, 2253,2470, 2253,2471, 2252,2472, 2252,2473, 2252,2474, 2252,2475, 2252,2476, 2251,2477, 2251,2478, 2251,2479, 2251,2480, 2250,2481, 2250,2482, 2250,2483, 2249,2484, 2249,2485, 2249,2486, 2248,2487, 2248,2488, 2248,2489, 2247,2490, 2247,2491, 2246,2492, 2246,2493, 2246,2494, 2245,2495, 2245,2496, 2244,2497, 2243,2498, 2243,2499, 2242,2500, 2242,2501, 2241,2502, 2241,2503, 2240,2504, 2239,2505, 2239,2506, 2238,2507, 2237,2508, 2237,2509, 2236,2510, 2235,2511, 2234,2512, 2234,2513, 2233,2514, 2232,2515, 2231,2516, 2230,2517, 2229,2518, 2228,2519, 2227,2520, 2226,2521, 2225,2522, 2224,2523, 2223,2524, 2222,2525, 2221,2525, 2220,2526, 2219,2527, 2218,2528, 2217,2528, 2216,2529, 2215,2530, 2214,2530, 2213,2531, 2212,2532, 2211,2532, 2210,2533, 2209,2533, 2208,2534, 2207,2534, 2206,2535, 2205,2536, 2204,2536, 2203,2537, 2202,2537, 2201,2537, 2200,2538, 2199,2538, 2198,2539, 2197,2539, 2196,2539, 2195,2540, 2194,2540, 2193,2540, 2192,2541, 2191,2541, 2190,2541, 2189,2542, 2188,2542, 2187,2542, 2186,2542, 2185,2543, 2184,2543, 2183,2543, 2182,2543, 2181,2543, 2180,2544, 2179,2544, 2178,2544, 2177,2544, 2176,2544, 2175,2544, 2174,2545, 2173,2545, 2172,2545, 2171,2545, 2170,2545, 2169,2545, 2168,2545, 2167,2545, 2166,2545, 2165,2545, 2164,2545, 2163,2545, 2162,2545, 2161,2545, 2160,2545, 2159,2545, 2158,2545, 2157,2545, 2156,2545, 2155,2545, 2154,2544, 2153,2544, 2152,2544, 2151,2544, 2150,2544, 2149,2544, 2148,2543, 2147,2543, 2146,2543, 2145,2543, 2144,2543, 2143,2542, 2142,2542, 2141,2542, 2140,2542, 2139,2541, 2138,2541, 2137,2541, 2136,2540, 2135,2540, 2134,2540, 2133,2539, 2132,2539, 2131,2539, 2130,2538, 2129,2538, 2128,2537, 2127,2537, 2126,2537, 2125,2536, 2124,2536, 2123,2535, 2122,2534, 2121,2534, 2120,2533, 2119,2533, 2118,2532, 2117,2532, 2116,2531, 2115,2530, 2114,2530, 2113,2529, 2112,2528, 2111,2528, 2110,2527, 2109,2526, 2108,2525, 2107,2525, 2106,2524, 2105,2523, 2104,2522, 2103,2521, 2102,2520, 2101,2519, 2100,2518, 2099,2517, 2098,2516, 2097,2515, 2096,2514, 2095,2513, 2094,2512, 2093,2511, 2093,2510, 2092,2509, 2091,2508, 2090,2507, 2090,2506, 2089,2505, 2088,2504, 2088,2503, 2087,2502, 2086,2501, 2086,2500, 2085,2499, 2085,2498, 2084,2497, 2084,2496, 2083,2495, 2082,2494, 2082,2493, 2081,2492, 2081,2491, 2081,2490, 2080,2489, 2080,2488, 2079,2487, 2079,2486, 2079,2485, 2078,2484, 2078,2483, 2078,2482, 2077,2481, 2077,2480, 2077,2479, 2076,2478, 2076,2477, 2076,2476, 2076,2475, 2075,2474, 2075,2473, 2075,2472, 2075,2471, 2075,2470, 2074,2469, 2074,2468, 2074,2467, 2074,2466, 2074,2465, 2074,2464, 2073,2463, 2073,2462, 2073,2461, 2073,2460, 2073,2459, 2073,2458, 2073,2457, 2073,2456, 2073,2455, 2073,2454, 2073,2453, 2073,2452, 2073,2451, 2073,2450, 2073,2449, 2073,2448, 2073,2447, 2073,2446, 2073
1,1118, 1945,1118, 1946,1117, 1947,1116, 1948,1116, 1949,1115, 1950,1115, 1951,1114, 1952,1114, 1953,1113, 1954,1113, 1955,1112, 1956,1112, 1957,1112, 1958,1111, 1959,1111, 1960,1111, 1961,1110, 1962,1110, 1963,1110, 1964,1110, 1965,1109, 1966,1108, 1967,1108, 1968,1108, 1969,1107, 1970,1107, 1971,1107, 1972,1107, 1973,1106, 1974,1106, 1975,1106, 1976,1106, 1977,1105, 1978,1105, 1979,1105, 1980,1105, 1981,1105, 1982,1105, 1983,1104, 1984,1104, 1985,1104, 1986,1104, 1987,1104, 1988,1104, 1989,1104, 1990,1104, 1991,1104, 1992,1103, 1993,1103, 1994,1103, 1995,1103, 1996,1103, 1997,1103, 1998,1103, 1999,1103, 2000,1103, 2001,1103, 2002,1103, 2003,1103, 2004,1103, 2005,1103, 2006,1103, 2007,1103, 2008,1103, 2009,1103, 2010,1103, 2011,1103, 2012,1103, 2013,1103, 2014,1103, 2015,1103, 2016,1103, 2017,1103, 2018,1103, 2019,1103, 2020,1103, 2021,1103, 2022,1104, 2023,1104, 2024,1104, 2025,1104, 2026,1104, 2027,1104, 2028,1104, 2029,1104, 2030,1104, 2031,1105, 2032,1104, 2033,1103, 2034,1102, 2035,1101, 2036,1100, 2037,1099, 2038,1098, 2039,1098, 2040,1098, 2041,1097, 2042,1096, 2042,1095, 2042,1094, 2042,1093, 2043,1092, 2044,1092, 2045,1091, 2046,1090, 2046,1089, 2045,1089, 2044,1088, 2044,1087, 2044,1086, 2043,1085, 2043,1084, 2043,1083, 2043,1082, 2042,1081, 2042,1080, 2042,1079, 2042,1078, 2042,1077, 2041,1076, 2041,1075, 2041,1074, 2041,1073, 2041,1072, 2041,1071, 2040,1070, 2040,1069, 2040,1068, 2040,1067, 2040,1066, 2040,1065, 2040,1064, 2040,1063, 2040,1062, 2040,1061, 2040,1060, 2040,1059, 2040,1058, 2040,1057, 2040,1056, 2040,1055, 2040,1054, 2040,1053, 2040,1052, 2040,1051, 2040,1050, 2040,1049, 2040,1048, 2040,1047, 2040,1046, 2040,1045, 2040,1044, 2040,1043, 2040,1042, 2040,1041, 2040,1040, 2040,1039, 2040,1038, 2041,1037, 2041,1036, 2041,1035, 2041,1034, 2041,1033, 2041,1032, 2042,1031, 2042,1030, 2042,1029, 2042,1028, 2042,1027, 2043,1026, 2043,1025, 2043,1024, 2044,1023, 2044,1022, 2044,1021, 2045,1020, 2046,1019, 2046,1018, 2046,1017, 2046,1016, 2046,1015, 2047,1014, 2048,1013, 2048,1012, 2049,1011, 2049,1010, 2049,1009, 2050,1008, 2050,1007, 2051,1006, 2051,1005, 2052,1004, 2052,1004, 2053,1004, 2054,1004, 2055,1004, 2056,1004, 2057,1004, 2058,1004, 2059,1004, 2060,1004, 2061,1004, 2062,1003, 2063,1002, 2064,1001, 2065,1000, 2066,999, 2067,998, 2068,997, 2068,996, 2069,995, 2070,994, 2071,993, 2072,993, 2073,992, 2074,991, 2075,990, 2076,989, 2077,988, 2078,988, 2079,987, 2080,986, 2081,985, 2082,985, 2083,984, 2084,983, 2085,983, 2086,982, 2087,982, 2088,981, 2089,981, 2090,980, 2091,980, 2092,979, 2093,979, 2094,978, 2095,978, 2096,977, 2097,977, 2098,977, 2099,976, 2100,976, 2101,975, 2102,975, 2103,975, 2104,974, 2105,974, 2106,974, 2107,974, 2108,973, 2109,973, 2110,973, 2111,973, 2112,973, 2113,972, 2114,972, 2115,972, 2116,972, 2117,972, 2118,972, 2119,971, 2120,971, 2121,971, 2122,971, 2123,971, 2124,971, 2125,971, 2126,971, 2127,971, 2128,971, 2129,971, 2130,971, 2131,971, 2132,971, 2133,971, 2134,971, 2135,971, 2136,971, 2137,971, 2138,972, 2139,972, 2140,972, 2141,972, 2142,972, 2143,972, 2144,973, 2145,973, 2146,973, 2147,973, 2148,973, 2149,974, 2150,974, 2151,974, 2152,974, 2153,975, 2154,975, 2155,975, 2156,976, 2157,976, 2158,977, 2159,977, 2160,977, 2161,978, 2162,978, 2163,979, 2164,979, 2165,980, 2166,980, 2167,981, 2168,981, 2169,982, 2170,982, 2171,983, 2172,983, 2173,984, 2174,985, 2175,985, 2176,986, 2177,987, 2178,988, 2179,988, 2180,989, 2181,990, 2182,991, 2183,992, 2184,993, 2185,993, 2186,994, 2187,995, 2188,996, 2189,997, 2190,998, 2190,999, 2191,1000, 2192,1001, 2193,1002, 2194,1003, 2195,1004, 2195,1005, 2196,1006, 2197,1007, 2198,1008, 2198,1009, 2199,1010, 2200,1011, 2200,1012, 2201,1013, 2201,1014, 2202,1015, 2202,1016, 2203,1017, 2203,1018, 2204,1019, 2204,1020, 2205,1021, 2205,1022, 2206,1023, 2206,1024, 2206,1025, 2207,1026, 2207,1027, 2208,1028, 2208,1029, 2208,1030, 2209,1031, 2209,1032, 2210,1033, 2210,1034, 2211,1035, 2211,1036, 2211,1037, 2212,1038, 2212,1039, 2213,1040, 2213,1041, 2213,1042, 2214,1043, 2214,1044, 2214,1045, 2214,1046, 2215,1047, 2215,1048, 2215,1049, 2215,1050, 2215,1051, 2216,1052, 2216,1053, 2216,1054, 2216,1055, 2216,1056, 2216,1057, 2217,1058, 2217,1059, 2217,1060, 2217,1061, 2217,1062, 2217,1063, 2217,1064, 2217,1065, 2217,1066, 2217,1067, 2217,1068, 2217,1069, 2217,1070, 2217,1071, 2217,1072, 2217,1073, 2217,1074, 2217,1075, 2217,1076, 2217,1077, 2217,1078, 2217,1079, 2217,1080, 2217,1081, 2217,1082, 2217,1083, 2217,1084, 2217,1085, 2216,1086, 2216,1087, 2216,1088, 2216,1089, 2216,1090, 2216,1091, 2215,1092, 2215,1093, 2215,1094, 2215,1095, 2215,1096, 2214,1097, 2214,1098, 2214,1099, 2214,1100, 2213,1101, 2213,1102, 2213,1103, 2212,1104, 2212,1105, 2211,1106, 2211,1107, 2211,1108, 2210,1109, 2210,1110, 2209,1111, 2209,1112, 2208,1113, 2208,1114, 2207,1115, 2207,1116, 2206,1117, 2206,1118, 2205,1119, 2205,1120, 2204,1121, 2203,1122, 2203,1123, 2202,1124, 2201,1125, 2200,1126, 2200,1127, 2199,1128, 2198,1129, 2197,1130, 2196,1131, 2195,1132, 2195,1133, 2194,1134, 2193,1135, 2192,1136, 2191,1136, 2190,1137, 2189,1138, 2188,1139, 2187,1140, 2186,1141, 2185,1141, 2184,1142, 2183,1143, 2182,1144, 2181,1144, 2180,1145, 2179,1146, 2178,1146, 2177,1147, 2176,1147, 2175,1148, 2174,1148, 2173,1149, 2172,1149, 2171,1150, 2170,1150, 2169,1151, 2168,1151, 2167,1152, 2166,1152, 2165,1152, 2164,1153, 2163,1153, 2162,1154, 2161,1154, 2160,1154, 2159,1155, 2158,1155, 2157,1155, 2156,1155, 2155,1156, 2154,1156, 2153,1156, 2152,1156, 2151,1156, 2150,1157, 2149,1157, 2148,1157, 2147,1157, 2146,1157, 2145,1157, 2144,1158, 2143,1158, 2142,1158, 2141,1158, 2140,1158, 2139,1158, 2138,1158, 2137,1158, 2136,1158, 2135,1158, 2134,1158, 2133,1158, 2132,1158, 2131,1158, 2130,1158, 2129,1158, 2128,1158, 2127,1158, 2126,1158, 2125,1157, 2124,1157, 2123,1157, 2122,1157, 2121,1157, 2120,1157, 2119,1156, 2118,1156, 2117,1156, 2116,1156, 2115,1156, 2114,1155, 2113,1155, 2112,1155, 2111,1155, 2110,1154, 2109,1154, 2108,1154, 2107,1153, 2106,1153, 2105,1152, 2104,1152, 2103,1152, 2102,1151, 2101,1151, 2100,1150, 2099,1151, 2098,1152, 2098,1153, 2098,1153, 2097,1153, 2096,1153, 2095,1153, 2094,1153, 2093,1153, 2092,1153, 2091,1153, 2090,1153, 2089,1153, 2088,1153, 2087,1153, 2086,1152, 2085,1152, 2084,1151, 2084,1150, 2083,1149, 2083,1148, 2082,1148, 2081,1148, 2080,1148, 2079,1147, 2079,1146, 2078,1146, 2077,1146, 2076,1145, 2075,1144, 2074,1143, 2073,1142, 2072,1142, 2071,1141, 2071,1140, 2070,1139, 2069,1139, 2068,1138, 2068,1137, 2068,1136, 2067,1136, 2066,1135, 2065,1134, 2065,1133, 2064,1133, 2063,1132, 2063,1131, 2062,1131, 2061,1130, 2060,1130, 2059,1129, 2058,1129, 2057,1128, 2057,1127, 2056,1127, 2055,1127, 2054,1126, 2054,1125, 2053,1125, 2052,1125, 2051,1125, 2050,1124, 2049,1123, 2048,1123, 2047,1123, 2046,1123, 2045,1122, 2045,1121, 2044,1121, 2043,1121, 2042,1121, 2041,1120, 2040,1120, 2039,1120, 2038,1121, 2037,1122, 2036,1123, 2035,1123, 2034,1124, 2033,1124, 2032,1125, 2031,1126, 2030,1126, 2029,1126, 2028,1127, 2027,1128, 2026,1128, 2025,1129, 2024,1129, 2023,1130, 2022,1130, 2021,1131, 2020,1131, 2019,1131, 2018,1132, 2017,1132, 2016,1132, 2015,1132, 2014,1133, 2013,1133, 2012,1134, 2011,1134, 2010,1134, 2009,1134, 2008,1135, 2007,1135, 2006,1135, 2005,1135, 2004,1135, 2003,1135, 2002,1135, 2001,1135, 2000,1136, 1999,1136, 1998,1136, 1997,1137, 1996,1137, 1995,1137, 1994,1137, 1993,1137, 1992,1137, 1991,1137, 1990,1137, 1989,1137, 1988,1137, 1987,1137, 1986,1137, 1985,1137, 1984,1137, 1983,1137, 1982,1137, 1981,1137, 1980,1137, 1979,1137, 1978,1137, 1977,1137, 1976,1137, 1975,1137, 1974,1137, 1973,1137, 1972,1137, 1971,1137, 1970,1137, 1969,1137, 1968,1137, 1967,1137, 1966,1136, 1965,1136, 1964,1136, 1963,1136, 1962,1136, 1961,1136, 1960,1135, 1959,1135, 1958,1135, 1957,1135, 1956,1135, 1955,1134, 1954,1134, 1953,1134, 1952,1134, 1951,1133, 1950,1133, 1949,1133, 1948,1132, 1947,1132, 1946,1132, 1945,1131, 1945,1130, 1945,1129, 1945,1128, 1945,1127, 1945,1126, 1945,1125, 1945,1124, 1945,1123, 1945,1122, 1945,1121, 1945,1120, 1945,1119, 1945
1,417, 1984,416, 1985,416, 1986,415, 1987,414, 1988,413, 1988,412, 1989,412, 1990,411, 1991,410, 1992,409, 1992,408, 1992,407, 1992,406, 1992,405, 1992,404, 1992,403, 1992,402, 1992,401, 1992,400, 1993,400, 1994,399, 1995,398, 1996,397, 1996,396, 1996,395, 1996,394, 1996,393, 1996,392, 1997,392, 1998,391, 1999,390, 2000,389, 2000,388, 2001,388, 2002,387, 2003,386, 2004,385, 2004,384, 2005,384, 2006,383, 2007,382, 2008,381, 2008,380, 2008,379, 2008,378, 2008,377, 2008,376, 2008,375, 2008,374, 2008,373, 2008,372, 2009,372, 2010,371, 2011,370, 2012,369, 2012,368, 2012,367, 2012,366, 2012,365, 2012,364, 2012,363, 2012,362, 2012,361, 2012,360, 2012,359, 2012,358, 2012,357, 2012,356, 2012,355, 2012,354, 2012,353, 2012,352, 2012,351, 2012,350, 2012,349, 2012,348, 2012,347, 2012,346, 2012,345, 2012,344, 2013,344, 2014,343, 2015,342, 2016,341, 2017,340, 2018,339, 2019,338, 2020,337, 2019,336, 2019,335, 2018,335, 2017,334, 2017,333, 2016,332, 2017,331, 2018,330, 2019,329, 2020,328, 2021,328, 2022,328, 2023,328, 2024,328, 2025,328, 2026,327, 2027,326, 2028,325, 2028,324, 2029,324, 2030,323, 2031,322, 2032,321, 2032,320, 2033,320, 2034,320, 2035,320, 2036,320, 2037,320, 2038,319, 2039,318, 2040,317, 2040,316, 2041,316, 2042,315, 2043,314, 2044,313, 2044,312, 2045,312, 2046,311, 2047,310, 2047,309, 2048,308, 2049,308, 2050,309, 2051,310, 2052,311, 2052,312, 2053,312, 2054,312, 2055,312, 2056,312, 2057,312, 2058,311, 2059,310, 2060,309, 2060,308, 2061,308, 2062,308, 2063,308, 2064,308, 2065,308, 2066,308, 2067,308, 2068,308, 2069,308, 2070,308, 2071,308, 2072,308, 2073,308, 2074,308, 2075,308, 2076,308, 2077,308, 2078,308, 2079,308, 2080,308, 2081,308, 2082,308, 2083,308, 2084,308, 2085,308, 2086,308, 2087,308, 2088,308, 2089,308, 2090,308, 2091,308, 2092,308, 2093,308, 2094,308, 2095,308, 2096,308, 2097,308, 2098,308, 2099,308, 2100,308, 2101,308, 2102,308, 2103,308, 2104,308, 2105,308, 2106,308, 2107,308, 2108,308, 2109,308, 2110,309, 2111,310, 2111,311, 2112,312, 2113,312, 2114,313, 2115,314, 2115,315, 2116,316, 2117,316, 2118,316, 2119,316, 2120,316, 2121,316, 2122,316, 2123,316, 2124,316, 2125,316, 2126,317, 2127,318, 2127,319, 2128,320, 2129,320, 2130,321, 2131,322, 2131,323, 2132,324, 2133,324, 2134,325, 2135,326, 2135,327, 2135,328, 2135,329, 2135,330, 2135,331, 2136,332, 2137,332, 2138,333, 2139,334, 2139,335, 2139,336, 2139,337, 2139,338, 2139,339, 2140,340, 2141,340, 2142,341, 2143,342, 2143,343, 2144,344, 2145,344, 2146,345, 2147,346, 2147,347, 2148,348, 2149,348, 2150,349, 2151,350, 2151,351, 2151,352, 2151,353, 2151,354, 2151,355, 2151,356, 2151,357, 2151,358, 2151,359, 2151,360, 2151,361, 2151,362, 2151,363, 2151,364, 2151,365, 2151,366, 2151,367, 2152,368, 2153,368, 2154,369, 2155,370, 2155,371, 2155,372, 2155,373, 2155,374, 2155,375, 2156,376, 2157,376, 2158,377, 2159,378, 2159,379, 2159,380, 2159,381, 2159,382, 2159,383, 2160,384, 2161,384, 2162,385, 2163,386, 2163,387, 2163,388, 2163,389, 2163,390, 2163,391, 2162,391, 2161,392, 2160,393, 2159,394, 2159,395, 2159,396, 2159,397, 2159,398, 2159,399, 2159,400, 2159,401, 2159,402, 2159,403, 2159,404, 2159,405, 2159,406, 2159,407, 2160,408, 2161,408, 2162,409, 2163,410, 2163,411, 2163,412, 2163,413, 2163,414, 2163,415, 2162,415, 2161,416, 2160,417, 2159,418, 2159,419, 2159,420, 2159,421, 2159,422, 2160,423, 2161,424, 2162,425, 2163,426, 2163,427, 2162,428, 2161,429, 2160,430, 2159,431, 2159,432, 2159,433, 2159,434, 2159,435, 2159,436, 2159,437, 2159,438, 2158,439, 2157,440, 2156,441, 2155,442, 2155,443, 2156,444, 2157,445, 2158,446, 2159,447, 2159,448, 2159,449, 2159,450, 2159,451, 2158,451, 2157,452, 2156,453, 2155,454, 2155,455, 2154,455, 2153,456, 2152,457, 2151,458, 2151,459, 2151,460, 2151,461, 2151,462, 2151,463, 2150,463, 2149,464, 2148,465, 2147,466, 2147,467, 2147,468, 2147,469, 2147,470, 2147,471, 2147,472, 2147,473, 2147,474, 2147,475, 2146,475, 2145,475, 2144,475, 2143,475, 2142,475, 2141,476, 2140,477, 2139,478, 2139,479, 2138,479, 2137,480, 2136,481, 2135,482, 2135,483, 2134,483, 2133,484, 2132,485, 2131,486, 2131,487, 2130,487, 2129,488, 2128,489, 2127,490, 2127,491, 2126,491, 2125,492, 2124,493, 2123,494, 2123,495, 2122,495, 2121,496, 2120,497, 2119,498, 2119,499, 2118,499, 2117,499, 2116,499, 2115,499, 2114,499, 2113,500, 2112,501, 2111,502, 2111,503, 2110,503, 2109,504, 2108,505, 2107,506, 2107,507, 2106,507, 2105,507, 2104,507, 2103,507, 2102,507, 2101,507, 2100,507, 2099,507, 2098,507, 2097,508, 2096,509, 2095,510, 2095,511, 2094,511, 2093,512, 2092,513, 2091,514, 2091,515, 2090,515, 2089,515, 2088,515, 2087,515, 2086,515, 2085,515, 2084,515, 2083,515, 2082,515, 2081,515, 2080,515, 2079,515, 2078,515, 2077,515, 2076,515, 2075,515, 2074,515, 2073,515, 2072,515, 2071,515, 2070,515, 2069,515, 2068,515, 2067,515, 2066,515, 2065,515, 2064,515, 2063,515, 2062,515, 2061,514, 2060,513, 2060,512, 2059,511, 2058,511, 2057,511, 2056,511, 2055,511, 2054,511, 2053,511, 2052,511, 2051,511, 2050,511, 2049,511, 2048,511, 2047,511, 2046,511, 2045,510, 2044,509, 2044,508, 2043,507, 2042,507, 2041,506, 2040,505, 2040,504, 2039,503, 2038,503, 2037,503, 2036,503, 2035,503, 2034,503, 2033,502, 2032,501, 2031,500, 2030,499, 2029,498, 2028,497, 2028,496, 2027,495, 2026,495, 2025,494, 2024,493, 2024,492, 2023,491, 2022,491, 2021,491, 2020,491, 2019,491, 2018,491, 2017,490, 2016,489, 2016,488, 2016,487, 2016,486, 2016,485, 2016,484, 2015,483, 2014,483, 2013,482, 2012,481, 2012,480, 2011,479, 2010,479, 2009,478, 2008,477, 2008,476, 2008,475, 2008,474, 2008,473, 2008,472, 2007,471, 2006,471, 2005,470, 2004,469, 2004,468, 2003,467, 2002,467, 2001,466, 2000,465, 2000,464, 2000,463, 2000,462, 2000,461, 2000,460, 1999,459, 1998,459, 1997,458, 1996,457, 1996,456, 1995,455, 1994,455, 1993,454, 1992,453, 1992,452, 1992,451, 1992,450, 1992,449, 1992,448, 1991,447, 1990,447, 1989,446, 1988,445, 1988,444, 1988,443, 1988,442, 1988,441, 1988,440, 1987,439, 1986,439, 1985,438, 1984,437, 1984,436, 1984,435, 1984,434, 1984,433, 1984,432, 1984,431, 1984,430, 1984,429, 1984,428, 1984,427, 1984,426, 1984,425, 1984,424, 1984,423, 1984,422, 1984,421, 1984,420, 1984,419, 1984,418, 1984
1,2965, 1968,2964, 1969,2964, 1970,2963, 1971,2962, 1972,2961, 1972,2960, 1972,2959, 1972,2958, 1972,2957, 1972,2956, 1972,2955, 1972,2954, 1972,2953, 1972,2952, 1973,2952, 1974,2951, 1975,2950, 1976,2949, 1976,2948, 1976,2947, 1976,2946, 1976,2945, 1976,2944, 1976,2943, 1976,2942, 1976,2941, 1976,2940, 1977,2940, 1978,2939, 1979,2938, 1980,2937, 1980,2936, 1980,2935, 1980,2934, 1980,2933, 1980,2932, 1980,2931, 1980,2930, 1980,2929, 1980,2928, 1981,2928, 1982,2927, 1983,2926, 1984,2925, 1984,2924, 1985,2924, 1986,2923, 1987,2922, 1988,2921, 1988,2920, 1989,2920, 1990,2919, 1991,2918, 1992,2917, 1992,2916, 1992,2915, 1992,2914, 1992,2913, 1992,2912, 1993,2912, 1994,2912, 1995,2912, 1996,2912, 1997,2912, 1998,2911, 1999,2910, 2000,2909, 2000,2908, 2000,2907, 2000,2906, 2000,2905, 2000,2904, 2001,2904, 2002,2903, 2003,2902, 2004,2901, 2004,2900, 2005,2900, 2006,2899, 2007,2898, 2008,2897, 2008,2896, 2009,2896, 2010,2896, 2011,2896, 2012,2896, 2013,2896, 2014,2895, 2015,2894, 2016,2893, 2016,2892, 2017,2892, 2018,2892, 2019,2892, 2020,2892, 2021,2892, 2022,2891, 2023,2890, 2024,2889, 2024,2888, 2025,2888, 2026,2888, 2027,2888, 2028,2888, 2029,2888, 2030,2888, 2031,2888, 2032,2888, 2033,2888, 2034,2887, 2035,2886, 2036,2885, 2036,2884, 2037,2884, 2038,2884, 2039,2884, 2040,2884, 2041,2884, 2042,2884, 2043,2884, 2044,2884, 2045,2884, 2046,2884, 2047,2884, 2048,2884, 2049,2884, 2050,2883, 2051,2882, 2052,2881, 2052,2880, 2053,2880, 2054,2880, 2055,2880, 2056,2880, 2057,2880, 2058,2880, 2059,2880, 2060,2880, 2061,2880, 2062,2880, 2063,2880, 2064,2880, 2065,2880, 2066,2879, 2067,2878, 2067,2877, 2068,2876, 2069,2876, 2070,2877, 2071,2878, 2072,2879, 2072,2880, 2073,2880, 2074,2880, 2075,2880, 2076,2880, 2077,2880, 2078,2880, 2079,2880, 2080,2880, 2081,2880, 2082,2880, 2083,2880, 2084,2880, 2085,2879, 2086,2878, 2087,2877, 2088,2876, 2089,2876, 2090,2877, 2091,2878, 2092,2879, 2092,2880, 2093,2880, 2094,2880, 2095,2880, 2096,2880, 2097,2880, 2098,2880, 2099,2880, 2100,2880, 2101,2880, 2102,2880, 2103,2880, 2104,2880, 2105,2880, 2106,2880, 2107,2880, 2108,2880, 2109,2880, 2110,2880, 2111,2880, 2112,2880, 2113,2880, 2114,2881, 2115,2882, 2115,2883, 2116,2884, 2117,2884, 2118,2884, 2119,2884, 2120,2884, 2121,2884, 2122,2885, 2123,2886, 2123,2887, 2124,2888, 2125,2888, 2126,2888, 2127,2888, 2128,2888, 2129,2888, 2130,2889, 2131,2890, 2131,2891, 2132,2892, 2133,2892, 2134,2892, 2135,2892, 2136,2892, 2137,2892, 2138,2893, 2139,2894, 2139,2895, 2140,2896, 2141,2896, 2142,2897, 2143,2898, 2143,2899, 2144,2900, 2145,2900, 2146,2901, 2147,2902, 2147,2903, 2148,2904, 2149,2904, 2150,2904, 2151,2904, 2152,2904, 2153,2904, 2154,2905, 2155,2906, 2155,2907, 2156,2908, 2157,2908, 2158,2909, 2159,2910, 2159,2911, 2159,2912, 2159,2913, 2159,2914, 2159,2915, 2160,2916, 2161,2916, 2162,2917, 2163,2918, 2163,2919, 2164,2920, 2165,2920, 2166,2921, 2167,2922, 2167,2923, 2168,2924, 2169,2924, 2170,2925, 2171,2926, 2171,2927, 2172,2928, 2173,2928, 2174,2929, 2175,2930, 2175,2931, 2176,2932, 2177,2932, 2178,2933, 2179,2934, 2179,2935, 2179,2936, 2179,2937, 2179,2938, 2179,2939, 2179,2940, 2179,2941, 2179,2942, 2179,2943, 2180,2944, 2181,2944, 2182,2945, 2183,2946, 2183,2947, 2184,2948, 2185,2948, 2186,2949, 2187,2950, 2187,2951, 2187,2952, 2187,2953, 2187,2954, 2187,2955, 2187,2956, 2187,2957, 2187,2958, 2187,2959, 2187,2960, 2187,2961, 2187,2962, 2187,2963, 2187,2964, 2187,2965, 2187,2966, 2187,2967, 2188,2968, 2189,2968, 2190,2969, 2191,2970, 2191,2971, 2191,2972, 2191,2973, 2191,2974, 2191,2975, 2191,2976, 2191,2977, 2191,2978, 2191,2979, 2191,2980, 2191,2981, 2191,2982, 2191,2983, 2191,2984, 2191,2985, 2191,2986, 2191,2987, 2191,2988, 2191,2989, 2191,2990, 2191,2991, 2191,2992, 2191,2993, 2191,2994, 2191,2995, 2191,2996, 2191,2997, 2191,2998, 2191,2999, 2191,3000, 2191,3001, 2191,3002, 2191,3003, 2191,3004, 2191,3005, 2191,3006, 2191,3007, 2191,3008, 2191,3009, 2191,3010, 2191,3011, 2190,3011, 2189,3012, 2188,3013, 2187,3014, 2187,3015, 2186,3015, 2185,3016, 2184,3017, 2183,3018, 2183,3019, 2183,3020, 2183,3021, 2183,3022, 2183,3023, 2182,3023, 2181,3024, 2180,3025, 2179,3026, 2179,3027, 2178,3027, 2177,3028, 2176,3029, 2175,3030, 2175,3031, 2175,3032, 2175,3033, 2175,3034, 2175,3035, 2175,3036, 2175,3037, 2175,3038, 2175,3039, 2175,3040, 2175,3041, 2175,3042, 2175,3043, 2174,3043, 2173,3044, 2172,3045, 2171,3046, 2171,3047, 2170,3047, 2169,3048, 2168,3049, 2167,3050, 2167,3051, 2166,3051, 2165,3052, 2164,3053, 2163,3054, 2163,3055, 2162,3055, 2161,3056, 2160,3057, 2159,3058, 2159,3059, 2158,3059, 2157,3059, 2156,3059, 2155,3059, 2154,3060, 2153,3061, 2152,3062, 2151,3063, 2151,3064, 2151,3065, 2151,3066, 2151,3067, 2150,3067, 2149,3068, 2148,3069, 2147,3070, 2147,3071, 2146,3071, 2145,3072, 2144,3073, 2144,3074, 2143,3075, 2142,3074, 2141,3074, 2140,3073, 2140,3072, 2139,3072, 2138,3071, 2137,3072, 2136,3073, 2135,3074, 2135,3075, 2135,3076, 2135,3077, 2135,3078, 2135,3079, 2134,3079, 2133,3079, 2132,3079, 2131,3079, 2130,3079, 2129,3079, 2128,3079, 2127,3079, 2126,3079, 2125,3079, 2124,3079, 2123,3079, 2122,3079, 2121,3079, 2120,3079, 2119,3079, 2118,3079, 2117,3080, 2116,3081, 2115,3082, 2115,3083, 2114,3083, 2113,3083, 2112,3083, 2111,3083, 2110,3083, 2109,3083, 2108,3083, 2107,3083, 2106,3083, 2105,3083, 2104,3083, 2103,3083, 2102,3083, 2101,3083, 2100,3083, 2099,3083, 2098,3083, 2097,3083, 2096,3083, 2095,3083, 2094,3083, 2093,3083, 2092,3083, 2091,3083, 2090,3083, 2089,3083, 2088,3083, 2087,3083, 2086,3083, 2085,3083, 2084,3083, 2083,3083, 2082,3083, 2081,3083, 2080,3083, 2079,3083, 2078,3083, 2077,3083, 2076,3083, 2075,3083, 2074,3083, 2073,3083, 2072,3083, 2071,3083, 2070,3083, 2069,3082, 2068,3081, 2068,3080, 2067,3079, 2066,3079, 2065,3079, 2064,3079, 2063,3079, 2062,3079, 2061,3079, 2060,3079, 2059,3079, 2058,3079, 2057,3079, 2056,3079, 2055,3079, 2054,3079, 2053,3078, 2052,3077, 2052,3076, 2051,3075, 2050,3075, 2049,3074, 2048,3073, 2048,3072, 2047,3071, 2046,3071, 2045,3071, 2044,3071, 2043,3071, 2042,3071, 2041,3071, 2040,3071, 2039,3071, 2038,3071, 2037,3071, 2036,3071, 2035,3071, 2034,3071, 2033,3071, 2032,3071, 2031,3071, 2030,3071, 2029,3070, 2028,3069, 2028,3068, 2028,3067, 2028,3066, 2028,3065, 2028,3064, 2027,3063, 2026,3063, 2025,3062, 2024,3061, 2024,3060, 2023,3059, 2022,3059, 2021,3058, 2020,3057, 2020,3056, 2019,3055, 2018,3055, 2017,3055, 2016,3055, 2015,3055, 2014,3055, 2013,3054, 2012,3053, 2012,3052, 2011,3051, 2010,3051, 2009,3050, 2008,3049, 2008,3048, 2007,3047, 2006,3047, 2005,3046, 2004,3045, 2004,3044, 2003,3043, 2002,3043, 2001,3042, 2000,3041, 2000,3040, 1999,3039, 1998,3039, 1997,3038, 1996,3037, 1996,3036, 1995,3035, 1994,3035, 1993,3034, 1992,3033, 1992,3032, 1991,3031, 1990,3031, 1989,3030, 1988,3029, 1988,3028, 1988,3027, 1988,3026, 1988,3025, 1988,3024, 1987,3023, 1986,3023, 1985,3022, 1984,3021, 1984,3020, 1984,3019, 1984,3018, 1984,3017, 1984,3016, 1983,3015, 1982,3015, 1981,3014, 1980,3013, 1980,3012, 1979,3011, 1978,3011, 1977,3010, 1976,3009, 1976,3008, 1976,3007, 1976,3006, 1976,3005, 1976,3004, 1975,3003, 1974,3003, 1973,3002, 1972,3001, 1972,3000, 1972,2999, 1972,2998, 1972,2997, 1972,2996, 1972,2995, 1972,2994, 1972,2993, 1971,2992, 1970,2991, 1969,2990, 1968,2989, 1969,2988, 1969,2988, 1970,2987, 1971,2986, 1971,2985, 1971,2984, 1971,2983, 1970,2983, 1969,2982, 1969,2981, 1969,2980, 1969,2980, 1970,2979, 1971,2978, 1971,2977, 1972,2976, 1971,2975, 1970,2974, 1969,2973, 1968,2972, 1968,2971, 1968,2970, 1968,2969, 1968,2968, 1968,2967, 1968,2966, 1968
1,1894, 1894,1893, 1895,1892, 1895,1891, 1896,1890, 1896,1889, 1896,1888, 1897,1887, 1897,1886, 1897,1885, 1898,1884, 1898,1883, 1898,1882, 1899,1881, 1899,1880, 1900,1879, 1900,1878, 1901,1877, 1901,1876, 1901,1875, 1902,1874, 1902,1873, 1903,1873, 1904,1872, 1905,1871, 1905,1870, 1905,1869, 1905,1868, 1906,1867, 1907,1866, 1907,1865, 1908,1864, 1909,1863, 1909,1863, 1910,1863, 1911,1862, 1912,1861, 1912,1860, 1912,1859, 1913,1858, 1913,1857, 1914,1856, 1915,1855, 1916,1854, 1917,1853, 1918,1852, 1918,1852, 1919,1851, 1920,1850, 1920,1850, 1921,1849, 1922,1849, 1923,1848, 1924,1847, 1925,1846, 1925,1845, 1926,1844, 1927,1844, 1928,1843, 1929,1842, 1930,1841, 1931,1841, 1932,1840, 1933,1839, 1934,1839, 1935,1838, 1936,1837, 1937,1837, 1938,1836, 1939,1836, 1940,1835, 1941,1835, 1942,1834, 1943,1833, 1944,1833, 1945,1833, 1946,1832, 1947,1832, 1948,1832, 1949,1831, 1950,1830, 1951,1830, 1952,1829, 1953,1829, 1954,1829, 1955,1828, 1956,1828, 1957,1828, 1958,1827, 1959,1827, 1960,1827, 1961,1826, 1962,1826, 1963,1826, 1964,1826, 1965,1826, 1966,1826, 1967,1825, 1968,1825, 1969,1825, 1970,1824, 1971,1824, 1972,1824, 1973,1824, 1974,1824, 1975,1824, 1976,1824, 1977,1824, 1978,1823, 1979,1823, 1980,1823, 1981,1823, 1982,1823, 1983,1823, 1984,1823, 1985,1823, 1986,1823, 1987,1823, 1988,1823, 1989,1823, 1990,1823, 1991,1823, 1992,1823, 1993,1823, 1994,1823, 1995,1823, 1996,1823, 1997,1823, 1998,1823, 1999,1823, 2000,1823, 2001,1823, 2002,1823, 2003,1823, 2004,1823, 2005,1823, 2006,1823, 2007,1823, 2008,1823, 2009,1824, 2010,1824, 2011,1824, 2012,1824, 2013,1824, 2014,1824, 2015,1824, 2016,1824, 2017,1825, 2018,1825, 2019,1825, 2020,1825, 2021,1826, 2022,1826, 2023,1826, 2024,1826, 2025,1826, 2026,1827, 2027,1827, 2028,1827, 2029,1828, 2030,1828, 2031,1828, 2032,1829, 2033,1830, 2034,1830, 2035,1830, 2036,1830, 2037,1831, 2038,1831, 2039,1832, 2040,1832, 2041,1833, 2042,1833, 2043,1833, 2044,1834, 2045,1834, 2046,1835, 2047,1836, 2047,1837, 2047,1838, 2048,1838, 2049,1839, 2050,1840, 2050,1841, 2050,1842, 2050,1843, 2050,1844, 2050,1845, 2050,1846, 2050,1847, 2051,1848, 2052,1849, 2053,1850, 2054,1850, 2055,1851, 2056,1852, 2057,1853, 2058,1854, 2059,1855, 2060,1856, 2061,1856, 2062,1857, 2062,1858, 2063,1858, 2064,1859, 2064,1860, 2065,1861, 2066,1862, 2067,1863, 2068,1864, 2069,1865, 2070,1866, 2070,1867, 2071,1868, 2072,1869, 2073,1870, 2073,1871, 2074,1872, 2075,1873, 2075,1874, 2076,1875, 2077,1876, 2077,1877, 2078,1878, 2078,1879, 2079,1880, 2080,1881, 2080,1882, 2081,1883, 2081,1884, 2082,1885, 2082,1886, 2082,1887, 2083,1888, 2083,1889, 2084,1890, 2084,1891, 2085,1892, 2085,1893, 2085,1894, 2086,1895, 2086,1896, 2086,1897, 2087,1898, 2087,1899, 2087,1900, 2088,1901, 2088,1902, 2088,1903, 2088,1904, 2088,1905, 2089,1906, 2089,1907, 2089,1908, 2089,1909, 2090,1910, 2090,1911, 2090,1912, 2090,1913, 2090,1914, 2090,1915, 2090,1916, 2090,1917, 2091,1918, 2091,1919, 2091,1920, 2091,1921, 2091,1922, 2091,1923, 2091,1924, 2091,1925, 2091,1926, 2091,1927, 2091,1928, 2091,1929, 2091,1930, 2091,1931, 2091,1932, 2091,1933, 2091,1934, 2091,1935, 2091,1936, 2090,1937, 2090,1938, 2090,1939, 2090,1940, 2090,1941, 2090,1942, 2090,1943, 2090,1944, 2089,1945, 2089,1946, 2089,1947, 2089,1948, 2088,1949, 2088,1950, 2088,1951, 2088,1952, 2088,1953, 2087,1954, 2087,1955, 2087,1956, 2086,1957, 2086,1958, 2086,1959, 2085,1960, 2085,1961, 2085,1962, 2084,1963, 2084,1964, 2083,1965, 2083,1966, 2082,1967, 2082,1968, 2082,1969, 2081,1970, 2081,1971, 2080,1972, 2080,1973, 2079,1974, 2078,1975, 2078,1976, 2077,1977, 2077,1978, 2076,1979, 2075,1980, 2075,1981, 2074,1982, 2073,1983, 2073,1984, 2072,1985, 2071,1986, 2070,1987, 2070,1988, 2069,1989, 2068,1990, 2067,1991, 2066,1992, 2065,1993, 2064,1994, 2064,1994, 2063,1995, 2062,1996, 2062,1996, 2061,1997, 2060,1998, 2059,1999, 2058,2000, 2057,2001, 2056,2002, 2055,2002, 2054,2003, 2053,2004, 2052,2005, 2051,2005, 2050,2006, 2049,2007, 2048,2007, 2047,2008, 2046,2009, 2045,2009, 2044,2010, 2043,2010, 2042,2011, 2041,2012, 2040,2012, 2039,2013, 2038,2013, 2037,2014, 2036,2014, 2035,2014, 2034,2015, 2033,2015, 2032,2016, 2031,2016, 2030,2017, 2029,2017, 2028,2017, 2027,2018, 2026,2018, 2025,2018, 2024,2019, 2023,2019, 2022,2019, 2021,2020, 2020,2020, 2019,2020, 2018,2020, 2017,2020, 2016,2021, 2015,2021, 2014,2021, 2013,2021, 2012,2022, 2011,2022, 2010,2022, 2009,2022, 2008,2022, 2007,2022, 2006,2022, 2005,2022, 2004,2023, 2003,2023, 2002,2023, 2001,2023, 2000,2023, 1999,2023, 1998,2023, 1997,2023, 1996,2023, 1995,2023, 1994,2023, 1993,2023, 1992,2023, 1991,2023, 1990,2023, 1989,2023, 1988,2023, 1987,2023, 1986,2023, 1985,2022, 1984,2022, 1983,2022, 1982,2022, 1981,2022, 1980,2022, 1979,2022, 1978,2022, 1977,2021, 1976,2021, 1975,2021, 1974,2021, 1973,2020, 1972,2020, 1971,2020, 1970,2020, 1969,2020, 1968,2019, 1967,2019, 1966,2019, 1965,2018, 1964,2018, 1963,2018, 1962,2017, 1961,2017, 1960,2017, 1959,2016, 1958,2016, 1957,2015, 1956,2015, 1955,2014, 1954,2014, 1953,2014, 1952,2013, 1951,2013, 1950,2012, 1949,2012, 1948,2011, 1947,2010, 1946,2010, 1945,2009, 1944,2009, 1943,2008, 1942,2007, 1941,2007, 1940,2006, 1939,2005, 1938,2005, 1937,2004, 1936,2003, 1935,2002, 1934,2002, 1933,2001, 1932,2000, 1931,1999, 1930,1998, 1929,1997, 1928,1996, 1927,1996, 1926,1995, 1926,1994, 1925,1994, 1924,1993, 1924,1992, 1923,1991, 1922,1990, 1921,1989, 1920,1988, 1919,1987, 1918,1986, 1918,1985, 1917,1984, 1916,1983, 1915,1982, 1915,1981, 1914,1980, 1913,1979, 1913,1978, 1912,1977, 1911,1976, 1911,1975, 1910,1974, 1910,1973, 1909,1972, 1908,1971, 1908,1970, 1907,1969, 1907,1968, 1906,1967, 1906,1966, 1906,1965, 1905,1964, 1905,1963, 1904,1962, 1904,1961, 1903,1960, 1903,1959, 1903,1958, 1902,1957, 1902,1956, 1902,1955, 1901,1954, 1901,1953, 1901,1952, 1900,1951, 1900,1950, 1900,1949, 1900,1948, 1900,1947, 1899,1946, 1899,1945, 1899,1944, 1899,1943, 1898,1942, 1898,1941, 1898,1940, 1898,1939, 1898,1938, 1898,1937, 1898,1936, 1898,1935, 1897,1934, 1897,1933, 1897,1932, 1897,1931, 1897,1930, 1897,1929, 1897,1928, 1897,1927, 1897,1926, 1897,1925, 1897,1924, 1897,1923, 1897,1922, 1897,1921, 1897,1920, 1897,1919, 1897,1918, 1897,1917, 1897,1916, 1898,1915, 1898,1914, 1897,1913, 1896,1913, 1895,1912, 1895,1911, 1895,1910, 1894,1909, 1894,1908, 1894,1907, 1894,1906, 1894,1905, 1894,1904, 1894,1903, 1894,1902, 1894,1901, 1894,1900, 1894,1899, 1894,1898, 1894,1897, 1894,1896, 1894,1895, 1894
1,1211, 1895,1210, 1896,1209, 1896,1208, 1896,1207, 1896,1206, 1896,1205, 1896,1204, 1896,1203, 1897,1202, 1897,1201, 1897,1200, 1897,1199, 1897,1198, 1897,1197, 1898,1196, 1898,1195, 1898,1194, 1898,1193, 1899,1192, 1899,1191, 1899,1190, 1899,1189, 1900,1188, 1900,1187, 1900,1186, 1901,1185, 1901,1184, 1901,1183, 1902,1182, 1902,1181, 1902,1180, 1903,1179, 1903,1178, 1904,1177, 1904,1176, 1904,1175, 1905,1174, 1905,1173, 1906,1172, 1906,1171, 1907,1170, 1907,1169, 1908,1168, 1908,1167, 1909,1166, 1910,1165, 1910,1164, 1911,1163, 1911,1162, 1912,1161, 1913,1160, 1913,1159, 1914,1158, 1914,1157, 1915,1156, 1916,1155, 1917,1154, 1917,1153, 1918,1152, 1919,1151, 1919,1150, 1920,1149, 1921,1148, 1922,1147, 1923,1146, 1924,1145, 1925,1144, 1926,1143, 1927,1142, 1927,1141, 1928,1141, 1929,1140, 1930,1139, 1931,1138, 1932,1137, 1933,1136, 1934,1135, 1935,1134, 1936,1133, 1937,1133, 1938,1132, 1939,1131, 1940,1131, 1941,1130, 1942,1129, 1943,1128, 1944,1127, 1945,1126, 1945,1125, 1945,1124, 1945,1123, 1945,1122, 1945,1121, 1945,1120, 1945,1119, 1945,1118, 1945,1118, 1946,1117, 1947,1116, 1948,1116, 1949,1115, 1950,1115, 1951,1114, 1952,1114, 1953,1113, 1954,1113, 1955,1112, 1956,1112, 1957,1112, 1958,1111, 1959,1111, 1960,1111, 1961,1110, 1962,1110, 1963,1110, 1964,1110, 1965,1109, 1966,1108, 1967,1108, 1968,1108, 1969,1107, 1970,1107, 1971,1107, 1972,1107, 1973,1106, 1974,1106, 1975,1106, 1976,1106, 1977,1105, 1978,1105, 1979,1105, 1980,1105, 1981,1105, 1982,1105, 1983,1104, 1984,1104, 1985,1104, 1986,1104, 1987,1104, 1988,1104, 1989,1104, 1990,1104, 1991,1104, 1992,1103, 1993,1103, 1994,1103, 1995,1103, 1996,1103, 1997,1103, 1998,1103, 1999,1103, 2000,1103, 2001,1103, 2002,1103, 2003,1103, 2004,1103, 2005,1103, 2006,1103, 2007,1103, 2008,1103, 2009,1103, 2010,1103, 2011,1103, 2012,1103, 2013,1103, 2014,1103, 2015,1103, 2016,1103, 2017,1103, 2018,1103, 2019,1103, 2020,1103, 2021,1103, 2022,1104, 2023,1104, 2024,1104, 2025,1104, 2026,1104, 2027,1104, 2028,1104, 2029,1104, 2030,1104, 2031,1105, 2032,1104, 2033,1103, 2034,1102, 2035,1101, 2036,1100, 2037,1099, 2038,1098, 2039,1098, 2040,1098, 2041,1097, 2042,1096, 2042,1095, 2042,1094, 2042,1093, 2043,1092, 2044,1092, 2045,1091, 2046,1090, 2046,1089, 2045,1089, 2044,1088, 2044,1087, 2044,1086, 2043,1085, 2043,1084, 2043,1083, 2043,1082, 2042,1081, 2042,1080, 2042,1079, 2042,1078, 2042,1077, 2041,1076, 2041,1075, 2041,1074, 2041,1073, 2041,1072, 2041,1071, 2040,1070, 2040,1069, 2040,1068, 2040,1067, 2040,1066, 2040,1065, 2040,1064, 2040,1063, 2040,1062, 2040,1061, 2040,1060, 2040,1059, 2040,1058, 2040,1057, 2040,1056, 2040,1055, 2040,1054, 2040,1053, 2040,1052, 2040,1051, 2040,1050, 2040,1049, 2040,1048, 2040,1047, 2040,1046, 2040,1045, 2040,1044, 2040,1043, 2040,1042, 2040,1041, 2040,1040, 2040,1039, 2040,1038, 2041,1037, 2041,1036, 2041,1035, 2041,1034, 2041,1033, 2041,1032, 2042,1031, 2042,1030, 2042,1029, 2042,1028, 2042,1027, 2043,1026, 2043,1025, 2043,1024, 2044,1023, 2044,1022, 2044,1021, 2045,1020, 2046,1019, 2046,1018, 2046,1017, 2046,1016, 2046,1015, 2047,1014, 2048,1013, 2048,1012, 2049,1011, 2049,1010, 2049,1009, 2050,1008, 2050,1007, 2051,1006, 2051,1005, 2052,1004, 2052,1004, 2053,1004, 2054,1004, 2055,1004, 2056,1004, 2057,1004, 2058,1004, 2059,1004, 2060,1004, 2061,1004, 2062,1004, 2063,1004, 2064,1004, 2065,1005, 2066,1006, 2066,1007, 2066,1008, 2067,1009, 2067,1010, 2067,1011, 2068,1012, 2069,1013, 2069,1014, 2069,1015, 2070,1016, 2070,1017, 2070,1018, 2070,1019, 2071,1020, 2071,1021, 2071,1022, 2071,1023, 2071,1024, 2072,1025, 2072,1026, 2072,1027, 2072,1028, 2072,1029, 2072,1030, 2073,1031, 2073,1032, 2073,1033, 2073,1034, 2073,1035, 2073,1036, 2073,1037, 2073,1038, 2073,1039, 2073,1040, 2073,1041, 2073,1042, 2073,1043, 2073,1044, 2073,1045, 2073,1046, 2073,1047, 2073,1048, 2073,1049, 2073,1050, 2073,1051, 2073,1052, 2073,1053, 2073,1054, 2073,1055, 2073,1056, 2073,1057, 2073,1058, 2073,1059, 2073,1060, 2073,1061, 2072,1062, 2072,1063, 2072,1064, 2072,1065, 2072,1066, 2072,1067, 2072,1068, 2071,1069, 2071,1070, 2071,1071, 2070,1072, 2070,1073, 2070,1074, 2070,1075, 2070,1076, 2069,1077, 2069,1078, 2068,1079, 2068,1080, 2068,1080, 2067,1081, 2066,1082, 2066,1083, 2066,1084, 2066,1085, 2065,1086, 2065,1087, 2065,1088, 2065,1089, 2064,1090, 2064,1091, 2063,1092, 2063,1092, 2062,1093, 2061,1094, 2061,1095, 2061,1096, 2060,1097, 2061,1098, 2061,1099, 2061,1100, 2061,1101, 2061,1102, 2062,1102, 2063,1103, 2063,1104, 2064,1105, 2064,1106, 2064,1107, 2065,1108, 2065,1109, 2065,1110, 2066,1111, 2067,1112, 2068,1113, 2068,1114, 2069,1115, 2069,1116, 2069,1117, 2069,1118, 2070,1118, 2071,1119, 2072,1119, 2073,1120, 2073,1121, 2074,1121, 2075,1122, 2076,1122, 2077,1123, 2077,1124, 2078,1124, 2079,1125, 2080,1126, 2081,1126, 2082,1127, 2083,1128, 2083,1129, 2084,1129, 2085,1130, 2086,1131, 2087,1132, 2088,1132, 2089,1133, 2090,1134, 2091,1135, 2092,1136, 2093,1136, 2094,1137, 2094,1138, 2095,1139, 2095,1140, 2096,1140, 2097,1141, 2098,1142, 2098,1143, 2098,1144, 2098,1145, 2098,1146, 2098,1147, 2098,1148, 2098,1149, 2098,1150, 2098,1151, 2098,1152, 2098,1153, 2098,1154, 2098,1155, 2098,1156, 2099,1157, 2100,1158, 2101,1159, 2101,1160, 2102,1161, 2102,1162, 2103,1163, 2104,1164, 2104,1165, 2105,1166, 2105,1167, 2106,1168, 2107,1169, 2107,1170, 2108,1171, 2108,1172, 2109,1173, 2109,1174, 2110,1175, 2110,1176, 2111,1177, 2111,1178, 2111,1179, 2112,1180, 2112,1181, 2113,1182, 2113,1183, 2113,1184, 2114,1185, 2114,1186, 2114,1187, 2115,1188, 2115,1189, 2115,1190, 2116,1191, 2116,1192, 2116,1193, 2116,1194, 2117,1195, 2117,1196, 2117,1197, 2117,1198, 2118,1199, 2118,1200, 2118,1201, 2118,1202, 2118,1203, 2118,1204, 2119,1205, 2119,1206, 2119,1207, 2119,1208, 2119,1209, 2119,1210, 2119,1211, 2120,1212, 2120,1213, 2120,1214, 2120,1215, 2120,1216, 2120,1217, 2120,1218, 2120,1219, 2120,1220, 2120,1221, 2120,1222, 2120,1223, 2120,1224, 2120,1225, 2120,1226, 2120,1227, 2120,1228, 2120,1229, 2120,1230, 2120,1231, 2120,1232, 2120,1233, 2119,1234, 2119,1235, 2119,1236, 2119,1237, 2119,1238, 2119,1239, 2119,1240, 2118,1241, 2118,1242, 2118,1243, 2118,1244, 2118,1245, 2118,1246, 2117,1247, 2117,1248, 2117,1249, 2117,1250, 2116,1251, 2116,1252, 2116,1253, 2116,1254, 2115,1255, 2115,1256, 2115,1257, 2114,1258, 2114,1259, 2114,1260, 2113,1261, 2113,1262, 2113,1263, 2112,1264, 2112,1265, 2111,1266, 2111,1267, 2111,1268, 2110,1269, 2110,1270, 2109,1271, 2109,1272, 2108,1273, 2108,1274, 2107,1275, 2107,1276, 2106,1277, 2105,1278, 2105,1279, 2104,1280, 2104,1281, 2103,1282, 2102,1283, 2102,1284, 2101,1285, 2101,1286, 2100,1287, 2099,1288, 2098,1289, 2098,1290, 2097,1291, 2096,1292, 2096,1293, 2095,1294, 2094,1295, 2093,1296, 2092,1297, 2091,1298, 2090,1299, 2089,1300, 2088,1301, 2088,1302, 2087,1302, 2086,1303, 2085,1304, 2084,1305, 2083,1306, 2082,1307, 2081,1308, 2080,1309, 2079,1310, 2078,1310, 2077,1311, 2076,1312, 2075,1312, 2074,1313, 2073,1314, 2072,1315, 2071,1315, 2070,1316, 2069,1316, 2068,1317, 2067,1318, 2066,1318, 2065,1319, 2064,1319, 2063,1320, 2062,1321, 2061,1321, 2060,1322, 2059,1322, 2058,1323, 2057,1323, 2056,1324, 2055,1324, 2054,1325, 2053,1325, 2052,1325, 2051,1326, 2050,1326, 2049,1327, 2048,1327, 2047,1327, 2046,1328, 2045,1328, 2044,1328, 2043,1329, 2042,1329, 2041,1329, 2040,1330, 2039,1330, 2038,1330, 2037,1330, 2036,1331, 2035,1331, 2034,1331, 2033,1331, 2032,1332, 2031,1332, 2030,1332, 2029,1332, 2028,1332, 2027,1332, 2026,1333, 2025,1333, 2024,1333, 2023,1333, 2022,1333, 2021,1333, 2020,1333, 2019,1334, 2018,1334, 2017,1334, 2016,1334, 2015,1334, 2014,1334, 2013,1334, 2012,1334, 2011,1334, 2010,1334, 2009,1334, 2008,1334, 2007,1334, 2006,1334, 2005,1334, 2004,1334, 2003,1334, 2002,1334, 2001,1334, 2000,1334, 1999,1334, 1998,1334, 1997,1333, 1996,1333, 1995,1333, 1994,1333, 1993,1333, 1992,1333, 1991,1333, 1990,1332, 1989,1332, 1988,1332, 1987,1332, 1986,1332, 1985,1332, 1984,1331, 1983,1331, 1982,1331, 1981,1331, 1980,1330, 1979,1330, 1978,1330, 1977,1330, 1976,1329, 1975,1329, 1974,1329, 1973,1328, 1972,1328, 1971,1328, 1970,1327, 1969,1327, 1968,1327, 1967,1326, 1966,1326, 1965,1325, 1964,1325, 1963,1325, 1962,1324, 1961,1324, 1960,1323, 1959,1323, 1958,1322, 1957,1322, 1956,1321, 1955,1321, 1954,1320, 1953,1319, 1952,1319, 1951,1318, 1950,1318, 1949,1317, 1948,1316, 1947,1316, 1946,1315, 1945,1315, 1944,1314, 1943,1313, 1942,1312, 1941,1312, 1940,1311, 1939,1310, 1938,1310, 1937,1309, 1936,1308, 1935,1307, 1934,1306, 1933,1305, 1932,1304, 1931,1303, 1930,1302, 1929,1302, 1928,1301, 1927,1300, 1927,1299, 1926,1298, 1925,1297, 1924,1296, 1923,1295, 1922,1294, 1921,1293, 1920,1292, 1919,1291, 1919,1290, 1918,1289, 1917,1288, 1917,1287, 1916,1286, 1915,1285, 1914,1284, 1914,1283, 1913,1282, 1913,1281, 1912,1280, 1911,1279, 1911,1278, 1910,1277, 1910,1276, 1909,1275, 1908,1274, 1908,1273, 1907,1272, 1907,1271, 1906,1270, 1906,1269, 1905,1268, 1905,1267, 1904,1266, 1904,1265, 1904,1264, 1903,1263, 1903,1262, 1902,1261, 1902,1260, 1902,1259, 1901,1258, 1901,1257, 1901,1256, 1900,1255, 1900,1254, 1900,1253, 1899,1252, 1899,1251, 1899,1250, 1899,1249, 1898,1248, 1898,1247, 1898,1246, 1898,1245, 1897,1244, 1897,1243, 1897,1242, 1897,1241, 1897,1240, 1897,1239, 1896,1238, 1896,1237, 1896,1236, 1896,1235, 1896,1234, 1896,1233, 1896,1232, 1895,1231, 1895,1230, 1895,1229, 1895,1228, 1895,1227, 1895,1226, 1895,1225, 1895,1224, 1895,1223, 1895,1222, 1895,1221, 1895,1220, 1895,1219, 1895,1218, 1895,1217, 1895,1216, 1895,1215, 1895,1214, 1895,1213, 1895,1212, 1895
1,1036, 1895,1035, 1896,1034, 1896,1033, 1896,1032, 1896,1031, 1896,1030, 1896,1029, 1896,1028, 1897,1027, 1897,1026, 1897,1025, 1897,1024, 1898,1023, 1898,1022, 1898,1021, 1898,1020, 1899,1019, 1899,1018, 1899,1017, 1900,1016, 1900,1015, 1900,1014, 1901,1013, 1901,1012, 1901,1011, 1902,1010, 1902,1009, 1903,1008, 1903,1007, 1904,1006, 1904,1005, 1905,1004, 1905,1003, 1906,1002, 1906,1001, 1907,1000, 1908,999, 1908,998, 1909,997, 1909,996, 1910,995, 1911,994, 1912,993, 1912,992, 1913,991, 1914,990, 1915,989, 1916,988, 1916,987, 1917,986, 1918,985, 1919,984, 1920,983, 1921,982, 1922,981, 1923,980, 1924,980, 1925,979, 1926,978, 1927,977, 1928,976, 1929,976, 1930,975, 1931,974, 1932,973, 1933,973, 1934,972, 1935,972, 1936,971, 1937,970, 1938,970, 1939,969, 1940,969, 1941,968, 1942,968, 1943,967, 1944,967, 1945,966, 1946,966, 1947,965, 1948,965, 1949,965, 1950,964, 1951,964, 1952,964, 1953,963, 1954,963, 1955,963, 1956,962, 1957,962, 1958,962, 1959,962, 1960,961, 1961,961, 1962,961, 1963,961, 1964,960, 1965,960, 1966,960, 1967,960, 1968,960, 1969,960, 1970,960, 1971,959, 1972,959, 1973,959, 1974,959, 1975,959, 1976,959, 1977,959, 1978,959, 1979,959, 1980,959, 1981,959, 1982,959, 1983,959, 1984,959, 1985,959, 1986,959, 1987,959, 1988,959, 1989,959, 1990,960, 1991,960, 1992,960, 1993,960, 1994,960, 1995,960, 1996,960, 1997,961, 1998,961, 1999,961, 2000,961, 2001,962, 2002,962, 2003,962, 2004,962, 2005,963, 2006,963, 2007,963, 2008,964, 2009,964, 2010,964, 2011,965, 2012,965, 2013,965, 2014,966, 2015,966, 2016,967, 2017,967, 2018,968, 2019,968, 2020,969, 2021,969, 2022,970, 2023,970, 2024,971, 2025,972, 2026,972, 2027,973, 2028,973, 2029,974, 2030,975, 2031,976, 2032,976, 2033,977, 2034,978, 2035,979, 2036,980, 2037,980, 2038,981, 2039,982, 2040,983, 2041,984, 2042,985, 2043,986, 2044,987, 2045,988, 2046,989, 2046,990, 2047,991, 2048,992, 2049,993, 2050,994, 2050,995, 2051,996, 2052,997, 2053,998, 2053,999, 2054,1000, 2054,1001, 2055,1002, 2056,1003, 2056,1004, 2057,1004, 2058,1004, 2059,1004, 2060,1004, 2061,1004, 2062,1004, 2063,1004, 2064,1004, 2065,1005, 2066,1006, 2066,1007, 2066,1008, 2067,1009, 2067,1010, 2067,1011, 2068,1012, 2069,1013, 2069,1014, 2069,1015, 2070,1016, 2070,1017, 2070,1018, 2070,1019, 2071,1020, 2071,1021, 2071,1022, 2071,1023, 2071,1024, 2072,1025, 2072,1026, 2072,1027, 2072,1028, 2072,1029, 2072,1030, 2073,1031, 2073,1032, 2073,1033, 2073,1034, 2073,1035, 2073,1036, 2073,1037, 2073,1038, 2073,1039, 2073,1040, 2073,1041, 2073,1042, 2073,1043, 2073,1044, 2073,1045, 2073,1046, 2073,1047, 2073,1048, 2073,1049, 2073,1050, 2073,1051, 2073,1052, 2073,1053, 2073,1054, 2073,1055, 2073,1056, 2073,1057, 2073,1058, 2073,1059, 2073,1060, 2073,1061, 2072,1062, 2072,1063, 2072,1064, 2072,1065, 2072,1066, 2072,1067, 2072,1068, 2071,1069, 2071,1070, 2071,1071, 2070,1072, 2070,1073, 2070,1074, 2070,1075, 2070,1076, 2069,1077, 2069,1078, 2068,1079, 2068,1080, 2068,1080, 2067,1081, 2066,1082, 2066,1083, 2066,1084, 2066,1085, 2065,1086, 2065,1087, 2065,1088, 2065,1089, 2064,1090, 2064,1091, 2063,1092, 2063,1092, 2062,1093, 2061,1094, 2061,1095, 2061,1096, 2060,1097, 2061,1098, 2061,1099, 2061,1100, 2061,1101, 2061,1102, 2062,1102, 2063,1103, 2063,1104, 2064,1105, 2064,1106, 2064,1107, 2065,1108, 2065,1109, 2065,1110, 2066,1111, 2067,1112, 2068,1113, 2068,1114, 2069,1115, 2069,1116, 2069,1117, 2069,1118, 2070,1118, 2071,1119, 2072,1119, 2073,1120, 2073,1121, 2074,1121, 2075,1122, 2076,1122, 2077,1123, 2077,1124, 2078,1124, 2079,1125, 2080,1126, 2081,1126, 2082,1127, 2083,1128, 2083,1129, 2084,1129, 2085,1130, 2086,1131, 2087,1132, 2088,1132, 2089,1133, 2090,1134, 2091,1135, 2092,1136, 2093,1136, 2094,1137, 2094,1138, 2095,1139, 2095,1140, 2096,1140, 2097,1141, 2098,1142, 2098,1143, 2098,1144, 2098,1145, 2098,1146, 2098,1147, 2098,1148, 2098,1149, 2098,1150, 2098,1151, 2098,1152, 2098,1153, 2098,1153, 2097,1153, 2096,1153, 2095,1153, 2094,1153, 2093,1153, 2092,1153, 2091,1153, 2090,1153, 2089,1153, 2088,1153, 2087,1153, 2086,1152, 2085,1152, 2084,1151, 2084,1150, 2083,1149, 2083,1148, 2082,1148, 2081,1148, 2080,1148, 2079,1147, 2079,1146, 2078,1146, 2077,1146, 2076,1145, 2075,1144, 2074,1143, 2073,1142, 2072,1142, 2071,1141, 2071,1140, 2070,1139, 2069,1139, 2068,1138, 2068,1137, 2068,1136, 2067,1136, 2066,1135, 2065,1134, 2065,1133, 2064,1133, 2063,1132, 2063,1131, 2062,1131, 2061,1130, 2060,1130, 2059,1129, 2058,1129, 2057,1128, 2057,1127, 2056,1127, 2055,1127, 2054,1126, 2054,1125, 2053,1125, 2052,1125, 2051,1125, 2050,1124, 2049,1123, 2048,1123, 2047,1123, 2046,1123, 2045,1122, 2045,1121, 2044,1121, 2043,1121, 2042,1121, 2041,1120, 2040,1120, 2039,1120, 2038,1121, 2037,1122, 2036,1123, 2035,1123, 2034,1124, 2033,1124, 2032,1125, 2031,1126, 2030,1126, 2029,1126, 2028,1127, 2027,1128, 2026,1128, 2025,1129, 2024,1129, 2023,1130, 2022,1130, 2021,1131, 2020,1131, 2019,1131, 2018,1132, 2017,1132, 2016,1132, 2015,1132, 2014,1133, 2013,1133, 2012,1134, 2011,1134, 2010,1134, 2009,1134, 2008,1135, 2007,1135, 2006,1135, 2005,1135, 2004,1135, 2003,1135, 2002,1135, 2001,1135, 2000,1136, 1999,1136, 1998,1136, 1997,1137, 1996,1137, 1995,1137, 1994,1137, 1993,1137, 1992,1137, 1991,1137, 1990,1137, 1989,1137, 1988,1137, 1987,1137, 1986,1137, 1985,1137, 1984,1137, 1983,1137, 1982,1137, 1981,1137, 1980,1137, 1979,1137, 1978,1137, 1977,1137, 1976,1137, 1975,1137, 1974,1137, 1973,1137, 1972,1137, 1971,1137, 1970,1137, 1969,1137, 1968,1137, 1967,1137, 1966,1136, 1965,1136, 1964,1136, 1963,1136, 1962,1136, 1961,1136, 1960,1135, 1959,1135, 1958,1135, 1957,1135, 1956,1135, 1955,1134, 1954,1134, 1953,1134, 1952,1134, 1951,1133, 1950,1133, 1949,1133, 1948,1132, 1947,1132, 1946,1132, 1945,1131, 1945,1130, 1945,1129, 1945,1128, 1945,1127, 1945,1126, 1945,1125, 1945,1124, 1945,1123, 1944,1122, 1943,1122, 1942,1121, 1941,1121, 1940,1120, 1939,1120, 1938,1119, 1937,1118, 1936,1118, 1935,1117, 1934,1117, 1933,1116, 1932,1115, 1931,1114, 1930,1114, 1929,1113, 1928,1112, 1927,1111, 1926,1110, 1925,1110, 1924,1109, 1923,1108, 1922,1107, 1921,1106, 1920,1105, 1919,1104, 1918,1103, 1917,1102, 1916,1101, 1916,1100, 1915,1099, 1914,1098, 1913,1097, 1912,1096, 1912,1095, 1911,1094, 1910,1093, 1909,1092, 1909,1091, 1908,1090, 1908,1089, 1907,1088, 1906,1087, 1906,1086, 1905,1085, 1905,1084, 1904,1083, 1904,1082, 1903,1081, 1903,1080, 1902,1079, 1902,1078, 1901,1077, 1901,1076, 1901,1075, 1900,1074, 1900,1073, 1900,1072, 1899,1071, 1899,1070, 1899,1069, 1898,1068, 1898,1067, 1898,1066, 1898,1065, 1897,1064, 1897,1063, 1897,1062, 1897,1061, 1896,1060, 1896,1059, 1896,1058, 1896,1057, 1896,1056, 1896,1055, 1896,1054, 1895,1053, 1895,1052, 1895,1051, 1895,1050, 1895,1049, 1895,1048, 1895,1047, 1895,1046, 1895,1045, 1895,1044, 1895,1043, 1895,1042, 1895,1041, 1895,1040, 1895,1039, 1895,1038, 1895,1037, 1895
1,1845, 1881,1844, 1882,1843, 1882,1842, 1882,1841, 1882,1840, 1882,1839, 1882,1838, 1882,1837, 1883,1836, 1883,1835, 1883,1834, 1883,1833, 1884,1832, 1884,1831, 1884,1830, 1884,1829, 1885,1828, 1885,1827, 1885,1826, 1886,1825, 1886,1824, 1886,1823, 1887,1822, 1887,1821, 1888,1820, 1888,1819, 1889,1818, 1889,1817, 1890,1816, 1890,1815, 1890,1814, 1891,1813, 1892,1812, 1892,1811, 1893,1810, 1893,1809, 1894,1808, 1895,1807, 1895,1806, 1896,1805, 1897,1804, 1898,1803, 1898,1802, 1899,1801, 1900,1800, 1901,1799, 1902,1798, 1902,1798, 1903,1797, 1904,1796, 1904,1795, 1905,1795, 1906,1794, 1907,1793, 1907,1793, 1908,1792, 1909,1791, 1910,1790, 1911,1789, 1912,1789, 1913,1788, 1914,1787, 1915,1786, 1916,1786, 1917,1785, 1918,1784, 1919,1784, 1920,1783, 1921,1783, 1922,1782, 1923,1781, 1924,1781, 1925,1781, 1926,1780, 1927,1780, 1928,1779, 1929,1779, 1930,1778, 1931,1778, 1932,1777, 1933,1777, 1934,1777, 1935,1776, 1936,1776, 1937,1776, 1938,1775, 1939,1775, 1940,1775, 1941,1775, 1942,1774, 1943,1774, 1944,1774, 1945,1774, 1946,1773, 1947,1773, 1948,1773, 1949,1773, 1950,1773, 1951,1773, 1952,1773, 1953,1772, 1954,1772, 1955,1772, 1956,1772, 1957,1772, 1958,1772, 1959,1772, 1960,1772, 1961,1772, 1962,1772, 1963,1772, 1964,1772, 1965,1772, 1966,1772, 1967,1772, 1968,1772, 1969,1772, 1970,1772, 1971,1773, 1972,1773, 1973,1773, 1974,1773, 1975,1773, 1976,1773, 1977,1773, 1978,1774, 1979,1774, 1980,1774, 1981,1774, 1982,1775, 1983,1775, 1984,1775, 1985,1775, 1986,1776, 1987,1776, 1988,1776, 1989,1777, 1990,1777, 1991,1777, 1992,1778, 1993,1778, 1994,1779, 1995,1779, 1996,1780, 1997,1780, 1998,1781, 1999,1781, 2000,1781, 2001,1782, 2002,1783, 2003,1783, 2004,1784, 2005,1784, 2006,1785, 2007,1786, 2008,1786, 2009,1787, 2010,1788, 2011,1789, 2012,1789, 2013,1790, 2014,1791, 2015,1792, 2016,1793, 2017,1793, 2018,1794, 2018,1795, 2019,1795, 2020,1796, 2021,1797, 2021,1798, 2022,1798, 2023,1799, 2023,1800, 2024,1801, 2025,1802, 2026,1803, 2027,1804, 2027,1805, 2028,1806, 2029,1807, 2030,1808, 2030,1809, 2031,1810, 2032,1811, 2032,1812, 2033,1813, 2033,1814, 2034,1815, 2035,1816, 2035,1817, 2035,1818, 2036,1819, 2036,1820, 2037,1821, 2037,1822, 2038,1823, 2038,1824, 2039,1825, 2039,1826, 2039,1827, 2040,1828, 2040,1829, 2040,1830, 2041,1831, 2041,1832, 2041,1833, 2042,1833, 2043,1833, 2044,1834, 2045,1834, 2046,1835, 2047,1836, 2047,1837, 2047,1838, 2048,1838, 2049,1839, 2050,1840, 2050,1841, 2050,1842, 2050,1843, 2050,1844, 2050,1845, 2050,1846, 2050,1847, 2050,1848, 2050,1849, 2050,1850, 2050,1851, 2050,1852, 2050,1853, 2050,1854, 2050,1855, 2050,1856, 2050,1857, 2050,1858, 2050,1859, 2050,1860, 2050,1861, 2050,1862, 2050,1863, 2050,1864, 2050,1865, 2050,1866, 2050,1867, 2050,1868, 2050,1869, 2049,1870, 2049,1871, 2049,1872, 2049,1873, 2049,1874, 2049,1875, 2049,1876, 2048,1877, 2048,1878, 2048,1879, 2048,1880, 2047,1881, 2047,1882, 2047,1883, 2046,1884, 2046,1885, 2046,1886, 2046,1887, 2045,1888, 2044,1889, 2044,1890, 2044,1891, 2044,1892, 2043,1893, 2043,1894, 2042,1895, 2042,1896, 2041,1897, 2041,1898, 2041,1899, 2040,1900, 2039,1901, 2039,1902, 2038,1903, 2038,1903, 2037,1904, 2036,1905, 2036,1906, 2036,1907, 2035,1907, 2034,1908, 2033,1909, 2033,1910, 2033,1911, 2032,1912, 2031,1913, 2030,1914, 2029,1915, 2029,1915, 2028,1916, 2027,1917, 2027,1918, 2026,1918, 2025,1919, 2024,1920, 2024,1920, 2023,1921, 2022,1921, 2021,1922, 2020,1923, 2020,1924, 2019,1924, 2018,1924, 2017,1924, 2016,1925, 2015,1926, 2015,1927, 2015,1927, 2014,1928, 2013,1928, 2012,1929, 2011,1929, 2010,1929, 2009,1930, 2008,1931, 2008,1931, 2007,1931, 2006,1932, 2005,1933, 2004,1933, 2003,1934, 2002,1934, 2001,1934, 2000,1934, 1999,1935, 1998,1936, 1998,1936, 1997,1936, 1996,1937, 1995,1937, 1994,1937, 1993,1938, 1992,1938, 1991,1938, 1990,1938, 1989,1938, 1988,1939, 1987,1939, 1986,1939, 1985,1940, 1984,1940, 1983,1940, 1982,1940, 1981,1940, 1980,1940, 1979,1940, 1978,1941, 1977,1941, 1976,1941, 1975,1941, 1974,1941, 1973,1941, 1972,1941, 1971,1941, 1970,1941, 1969,1941, 1968,1941, 1967,1941, 1966,1941, 1965,1941, 1964,1941, 1963,1941, 1962,1941, 1961,1941, 1960,1941, 1959,1941, 1958,1941, 1957,1941, 1956,1941, 1955,1941, 1954,1941, 1953,1941, 1952,1941, 1951,1941, 1950,1941, 1949,1941, 1948,1940, 1947,1940, 1946,1940, 1945,1940, 1944,1940, 1943,1940, 1942,1940, 1941,1939, 1940,1939, 1939,1939, 1938,1939, 1937,1938, 1936,1937, 1935,1937, 1934,1937, 1933,1937, 1932,1937, 1931,1937, 1930,1936, 1929,1936, 1928,1935, 1927,1935, 1926,1935, 1925,1934, 1925,1933, 1924,1933, 1923,1933, 1922,1933, 1921,1932, 1920,1932, 1919,1931, 1918,1930, 1918,1929, 1917,1929, 1916,1929, 1915,1929, 1914,1928, 1913,1928, 1912,1927, 1911,1927, 1910,1926, 1910,1925, 1909,1925, 1908,1924, 1907,1924, 1906,1923, 1905,1922, 1905,1921, 1904,1921, 1903,1920, 1903,1919, 1902,1918, 1901,1918, 1900,1917, 1899,1917, 1898,1916, 1898,1915, 1898,1914, 1897,1913, 1896,1913, 1895,1912, 1895,1911, 1895,1910, 1894,1909, 1894,1908, 1894,1907, 1894,1906, 1894,1905, 1894,1904, 1894,1903, 1894,1902, 1894,1901, 1894,1900, 1894,1899, 1894,1898, 1894,1897, 1893,1896, 1893,1895, 1892,1894, 1892,1893, 1891,1892, 1890,1891, 1890,1890, 1890,1889, 1889,1888, 1889,1887, 1888,1886, 1888,1885, 1887,1884, 1887,1883, 1886,1882, 1886,1881, 1886,1880, 1885,1879, 1885,1878, 1885,1877, 1884,1876, 1884,1875, 1884,1874, 1884,1873, 1883,1872, 1883,1871, 1883,1870, 1883,1869, 1882,1868, 1882,1867, 1882,1866, 1882,1865, 1882,1864, 1882,1863, 1882,1862, 1881,1861, 1881,1860, 1881,1859, 1881,1858, 1881,1857, 1881,1856, 1881,1855, 1881,1854, 1881,1853, 1881,1852, 1881,1851, 1881,1850, 1881,1849, 1881,1848, 1881,1847, 1881,1846, 1881
1,2252, 1702,2251, 1703,2250, 1703,2249, 1703,2248, 1703,2247, 1704,2246, 1704,2245, 1704,2244, 1704,2243, 1704,2242, 1704,2241, 1704,2240, 1704,2239, 1704,2238, 1705,2237, 1705,2236, 1705,2235, 1705,2234, 1706,2233, 1706,2232, 1707,2231, 1708,2230, 1708,2229, 1708,2228, 1708,2227, 1709,2226, 1709,2225, 1710,2224, 1710,2223, 1710,2222, 1710,2221, 1710,2220, 1711,2219, 1711,2218, 1712,2217, 1713,2216, 1714,2215, 1714,2214, 1714,2213, 1714,2213, 1715,2212, 1716,2211, 1716,2210, 1716,2209, 1716,2208, 1717,2207, 1717,2207, 1718,2206, 1719,2205, 1719,2204, 1719,2203, 1720,2202, 1720,2202, 1721,2201, 1722,2200, 1722,2200, 1723,2199, 1724,2198, 1724,2197, 1725,2196, 1725,2195, 1726,2195, 1727,2195, 1728,2195, 1729,2195, 1730,2195, 1731,2195, 1732,2195, 1733,2195, 1734,2195, 1735,2195, 1736,2195, 1737,2194, 1738,2193, 1739,2192, 1740,2191, 1741,2190, 1742,2189, 1743,2188, 1744,2187, 1745,2186, 1746,2186, 1747,2185, 1748,2184, 1749,2183, 1750,2183, 1751,2182, 1752,2181, 1753,2180, 1754,2180, 1755,2179, 1756,2179, 1757,2178, 1758,2177, 1759,2177, 1760,2176, 1761,2176, 1762,2175, 1763,2174, 1764,2174, 1765,2173, 1766,2173, 1767,2172, 1768,2172, 1769,2172, 1770,2171, 1771,2171, 1772,2170, 1773,2170, 1774,2169, 1775,2169, 1776,2169, 1777,2168, 1778,2168, 1779,2168, 1780,2167, 1781,2167, 1782,2167, 1783,2166, 1784,2166, 1785,2166, 1786,2165, 1787,2165, 1788,2165, 1789,2165, 1790,2164, 1791,2164, 1792,2164, 1793,2164, 1794,2164, 1795,2163, 1796,2163, 1797,2163, 1798,2163, 1799,2163, 1800,2163, 1801,2163, 1802,2163, 1803,2162, 1804,2162, 1805,2162, 1806,2162, 1807,2162, 1808,2162, 1809,2162, 1810,2162, 1811,2162, 1812,2162, 1813,2162, 1814,2162, 1815,2162, 1816,2162, 1817,2162, 1818,2162, 1819,2162, 1820,2162, 1821,2162, 1822,2162, 1823,2162, 1824,2163, 1825,2163, 1826,2163, 1827,2163, 1828,2163, 1829,2163, 1830,2163, 1831,2163, 1832,2164, 1833,2164, 1834,2164, 1835,2164, 1836,2164, 1837,2165, 1838,2165, 1839,2165, 1840,2165, 1841,2166, 1842,2166, 1843,2166, 1844,2167, 1845,2167, 1846,2167, 1847,2168, 1848,2168, 1849,2168, 1850,2169, 1851,2169, 1852,2169, 1853,2170, 1854,2170, 1855,2171, 1856,2171, 1857,2172, 1858,2172, 1859,2172, 1860,2173, 1861,2173, 1862,2174, 1863,2174, 1864,2175, 1865,2176, 1866,2176, 1867,2177, 1868,2177, 1869,2178, 1870,2179, 1871,2179, 1872,2180, 1873,2180, 1874,2181, 1875,2182, 1876,2183, 1877,2183, 1878,2184, 1879,2185, 1880,2186, 1881,2186, 1882,2187, 1883,2188, 1884,2189, 1885,2190, 1886,2191, 1887,2192, 1888,2193, 1889,2194, 1890,2195, 1891,2196, 1892,2197, 1893,2198, 1894,2199, 1895,2200, 1896,2201, 1896,2202, 1897,2203, 1898,2204, 1899,2205, 1899,2206, 1900,2207, 1901,2208, 1902,2209, 1902,2210, 1903,2211, 1903,2212, 1904,2213, 1905,2214, 1905,2215, 1906,2216, 1906,2217, 1907,2218, 1908,2219, 1908,2220, 1909,2221, 1909,2222, 1910,2223, 1910,2224, 1910,2225, 1911,2226, 1911,2227, 1912,2228, 1912,2229, 1913,2230, 1913,2231, 1913,2232, 1914,2233, 1914,2234, 1914,2235, 1915,2236, 1915,2237, 1915,2238, 1916,2239, 1916,2240, 1916,2241, 1917,2242, 1917,2243, 1917,2244, 1917,2245, 1918,2246, 1918,2247, 1918,2248, 1918,2249, 1918,2250, 1919,2251, 1919,2252, 1919,2253, 1919,2254, 1919,2255, 1919,2256, 1919,2257, 1919,2258, 1920,2259, 1920,2260, 1920,2261, 1920,2262, 1920,2263, 1920,2264, 1920,2265, 1920,2266, 1920,2267, 1920,2268, 1920,2269, 1920,2270, 1920,2271, 1920,2272, 1920,2273, 1920,2274, 1920,2275, 1920,2276, 1920,2277, 1920,2278, 1920,2279, 1919,2280, 1919,2281, 1919,2282, 1919,2283, 1919,2284, 1919,2285, 1919,2286, 1919,2287, 1918,2288, 1918,2289, 1918,2290, 1918,2291, 1918,2292, 1917,2293, 1917,2294, 1917,2295, 1917,2296, 1916,2297, 1916,2298, 1916,2299, 1915,2300, 1915,2301, 1915,2302, 1914,2303, 1914,2304, 1914,2305, 1913,2306, 1913,2307, 1913,2308, 1912,2309, 1912,2310, 1911,2311, 1911,2312, 1910,2313, 1910,2314, 1910,2315, 1909,2316, 1909,2317, 1908,2318, 1908,2319, 1907,2320, 1906,2321, 1906,2322, 1905,2323, 1905,2324, 1904,2325, 1903,2326, 1903,2327, 1902,2328, 1902,2329, 1901,2330, 1900,2331, 1899,2332, 1899,2333, 1898,2334, 1897,2335, 1896,2336, 1896,2337, 1895,2338, 1894,2339, 1893,2340, 1892,2341, 1891,2342, 1890,2343, 1889,2344, 1888,2345, 1887,2346, 1886,2347, 1885,2348, 1884,2349, 1883,2350, 1882,2350, 1881,2351, 1880,2352, 1879,2353, 1878,2353, 1877,2354, 1876,2355, 1875,2356, 1874,2356, 1873,2357, 1872,2357, 1871,2358, 1870,2359, 1869,2359, 1868,2360, 1867,2360, 1866,2361, 1865,2362, 1864,2362, 1863,2363, 1862,2363, 1861,2364, 1860,2364, 1859,2364, 1858,2365, 1857,2365, 1856,2366, 1855,2366, 1854,2367, 1853,2367, 1852,2367, 1851,2368, 1850,2368, 1849,2368, 1848,2369, 1847,2369, 1846,2369, 1845,2370, 1844,2370, 1843,2370, 1842,2371, 1841,2371, 1840,2371, 1839,2371, 1838,2372, 1837,2372, 1836,2372, 1835,2372, 1834,2372, 1833,2373, 1832,2373, 1831,2373, 1830,2373, 1829,2373, 1828,2373, 1827,2373, 1826,2373, 1825,2374, 1824,2374, 1823,2374, 1822,2374, 1821,2374, 1820,2374, 1819,2374, 1818,2374, 1817,2374, 1816,2374, 1815,2374, 1814,2374, 1813,2374, 1812,2374, 1811,2374, 1810,2374, 1809,2374, 1808,2374, 1807,2374, 1806,2374, 1805,2374, 1804,2373, 1803,2373, 1802,2373, 1801,2373, 1800,2373, 1799,2373, 1798,2373, 1797,2373, 1796,2372, 1795,2372, 1794,2372, 1793,2372, 1792,2372, 1791,2371, 1790,2371, 1789,2371, 1788,2371, 1787,2370, 1786,2370, 1785,2370, 1784,2369, 1783,2369, 1782,2369, 1781,2368, 1780,2368, 1779,2368, 1778,2367, 1777,2367, 1776,2367, 1775,2366, 1774,2366, 1773,2365, 1772,2365, 1771,2364, 1770,2364, 1769,2364, 1768,2363, 1767,2363, 1766,2362, 1765,2362, 1764,2361, 1763,2360, 1762,2360, 1761,2359, 1760,2359, 1759,2358, 1758,2357, 1757,2357, 1756,2356, 1755,2356, 1754,2356, 1753,2356, 1752,2356, 1751,2356, 1750,2356, 1749,2356, 1748,2356, 1747,2356, 1746,2356, 1745,2356, 1744,2356, 1743,2356, 1742,2356, 1741,2356, 1740,2355, 1739,2354, 1738,2353, 1738,2352, 1738,2351, 1738,2350, 1737,2349, 1736,2349, 1735,2349, 1734,2349, 1733,2348, 1732,2347, 1731,2346, 1730,2345, 1729,2344, 1728,2343, 1727,2342, 1726,2341, 1726,2340, 1726,2339, 1725,2339, 1724,2338, 1723,2337, 1723,2336, 1723,2335, 1722,2335, 1721,2334, 1721,2333, 1720,2332, 1720,2331, 1720,2330, 1719,2330, 1718,2329, 1717,2328, 1717,2327, 1716,2326, 1716,2325, 1715,2324, 1714,2323, 1714,2322, 1713,2321, 1713,2320, 1712,2319, 1712,2318, 1712,2317, 1711,2316, 1711,2315, 1710,2314, 1710,2313, 1710,2312, 1709,2311, 1709,2310, 1708,2309, 1708,2308, 1708,2307, 1708,2306, 1707,2305, 1707,2304, 1706,2303, 1706,2302, 1706,2301, 1705,2300, 1705,2299, 1705,2298, 1705,2297, 1704,2296, 1704,2295, 1704,2294, 1704,2293, 1704,2292, 1703,2291, 1703,2290, 1703,2289, 1703,2288, 1703,2287, 1703,2286, 1703,2285, 1703,2284, 1702,2283, 1702,2282, 1702,2281, 1702,2280, 1702,2279, 1702,2278, 1702,2277, 1702,2276, 1702,2275, 1702,2274, 1702,2273, 1702,2272, 1702,2271, 1702,2270, 1702,2269, 1702,2268, 1702,2267, 1702,2266, 1702,2265, 1702,2264, 1702,2263, 1702,2262, 1702,2261, 1702,2260, 1702,2259, 1702,2258, 1702,2257, 1702,2256, 1702,2255, 1702,2254, 1702,2253, 1702
1,3002, 1712,3001, 1713,3000, 1713,2999, 1713,2998, 1713,2997, 1713,2996, 1713,2995, 1713,2994, 1713,2993, 1714,2992, 1714,2991, 1714,2990, 1714,2989, 1714,2988, 1715,2987, 1715,2986, 1715,2985, 1715,2984, 1716,2983, 1716,2982, 1716,2982, 1717,2981, 1718,2980, 1718,2979, 1718,2978, 1718,2977, 1718,2976, 1719,2975, 1719,2974, 1719,2973, 1720,2972, 1720,2971, 1721,2970, 1721,2969, 1721,2968, 1722,2967, 1723,2966, 1723,2965, 1723,2964, 1723,2963, 1724,2962, 1724,2961, 1725,2960, 1726,2959, 1727,2958, 1727,2957, 1727,2956, 1728,2955, 1729,2954, 1729,2953, 1730,2952, 1730,2951, 1731,2951, 1732,2950, 1733,2949, 1733,2948, 1733,2947, 1734,2946, 1735,2945, 1736,2944, 1736,2944, 1737,2943, 1738,2942, 1738,2942, 1739,2941, 1740,2940, 1741,2939, 1742,2938, 1742,2937, 1743,2936, 1744,2935, 1745,2934, 1746,2934, 1747,2933, 1748,2932, 1749,2931, 1750,2930, 1750,2930, 1751,2929, 1752,2928, 1753,2927, 1754,2927, 1755,2926, 1756,2926, 1757,2925, 1758,2924, 1759,2924, 1760,2924, 1761,2923, 1762,2922, 1762,2921, 1763,2921, 1764,2920, 1765,2920, 1766,2919, 1767,2918, 1768,2918, 1769,2917, 1770,2917, 1771,2916, 1772,2916, 1773,2916, 1774,2916, 1775,2915, 1776,2915, 1777,2914, 1778,2914, 1779,2914, 1780,2914, 1781,2913, 1782,2912, 1782,2912, 1783,2912, 1784,2912, 1785,2912, 1786,2911, 1787,2910, 1788,2910, 1789,2910, 1790,2909, 1791,2909, 1792,2909, 1793,2909, 1794,2909, 1795,2909, 1796,2908, 1797,2908, 1798,2908, 1799,2907, 1800,2907, 1801,2907, 1802,2907, 1803,2907, 1804,2907, 1805,2907, 1806,2907, 1807,2906, 1808,2906, 1809,2906, 1810,2906, 1811,2906, 1812,2906, 1813,2906, 1814,2906, 1815,2906, 1816,2906, 1817,2906, 1818,2906, 1819,2906, 1820,2906, 1821,2906, 1822,2906, 1823,2906, 1824,2906, 1825,2906, 1826,2906, 1827,2906, 1828,2906, 1829,2906, 1830,2906, 1831,2906, 1832,2906, 1833,2906, 1834,2906, 1835,2906, 1836,2906, 1837,2906, 1838,2906, 1839,2906, 1840,2907, 1841,2907, 1842,2907, 1843,2907, 1844,2907, 1845,2907, 1846,2908, 1847,2908, 1848,2908, 1849,2908, 1850,2908, 1851,2909, 1852,2909, 1853,2909, 1854,2909, 1855,2909, 1856,2910, 1857,2910, 1858,2910, 1859,2910, 1860,2911, 1861,2911, 1862,2912, 1862,2913, 1863,2914, 1863,2915, 1864,2916, 1864,2917, 1864,2918, 1864,2919, 1864,2920, 1865,2921, 1866,2921, 1867,2922, 1868,2922, 1869,2922, 1870,2923, 1871,2923, 1872,2924, 1873,2924, 1874,2925, 1875,2926, 1876,2926, 1877,2927, 1878,2927, 1879,2928, 1880,2929, 1881,2929, 1882,2930, 1883,2930, 1884,2931, 1885,2932, 1886,2933, 1887,2933, 1888,2934, 1889,2935, 1890,2936, 1891,2936, 1892,2937, 1893,2938, 1894,2939, 1895,2940, 1896,2941, 1897,2942, 1898,2943, 1899,2944, 1900,2945, 1901,2946, 1902,2947, 1903,2948, 1904,2949, 1905,2950, 1906,2951, 1906,2952, 1907,2953, 1908,2954, 1909,2955, 1909,2956, 1910,2957, 1911,2958, 1912,2959, 1912,2960, 1913,2961, 1913,2962, 1914,2963, 1915,2964, 1915,2965, 1916,2966, 1916,2967, 1917,2968, 1918,2969, 1918,2970, 1919,2971, 1919,2972, 1920,2973, 1920,2974, 1920,2975, 1921,2976, 1921,2977, 1922,2978, 1922,2979, 1923,2980, 1923,2981, 1923,2982, 1924,2983, 1924,2984, 1924,2985, 1925,2986, 1925,2987, 1925,2988, 1926,2989, 1926,2990, 1926,2991, 1927,2992, 1927,2993, 1927,2994, 1927,2995, 1928,2996, 1928,2997, 1928,2998, 1928,2999, 1928,3000, 1929,3001, 1929,3002, 1929,3003, 1929,3004, 1929,3005, 1929,3006, 1929,3007, 1929,3008, 1930,3009, 1930,3010, 1930,3011, 1930,3012, 1930,3013, 1930,3014, 1930,3015, 1930,3016, 1930,3017, 1930,3018, 1930,3019, 1930,3020, 1930,3021, 1930,3022, 1930,3023, 1930,3024, 1930,3025, 1930,3026, 1930,3027, 1930,3028, 1930,3029, 1929,3030, 1929,3031, 1929,3032, 1929,3033, 1929,3034, 1929,3035, 1929,3036, 1929,3037, 1928,3038, 1928,3039, 1928,3040, 1928,3041, 1928,3042, 1927,3043, 1927,3044, 1927,3045, 1927,3046, 1926,3047, 1926,3048, 1926,3049, 1925,3050, 1925,3051, 1925,3052, 1924,3053, 1924,3054, 1924,3055, 1923,3056, 1923,3057, 1923,3058, 1922,3059, 1922,3060, 1921,3061, 1921,3062, 1920,3063, 1920,3064, 1920,3065, 1919,3066, 1919,3067, 1918,3068, 1918,3069, 1917,3070, 1916,3071, 1916,3072, 1915,3073, 1915,3074, 1914,3075, 1913,3076, 1913,3077, 1912,3078, 1912,3079, 1911,3080, 1910,3081, 1909,3082, 1909,3083, 1908,3084, 1907,3085, 1906,3086, 1906,3087, 1905,3088, 1904,3089, 1903,3090, 1902,3091, 1901,3092, 1900,3093, 1899,3094, 1898,3095, 1897,3096, 1896,3097, 1895,3098, 1894,3099, 1893,3100, 1892,3100, 1891,3101, 1890,3102, 1889,3103, 1888,3103, 1887,3104, 1886,3105, 1885,3106, 1884,3106, 1883,3107, 1882,3107, 1881,3108, 1880,3109, 1879,3109, 1878,3110, 1877,3110, 1876,3111, 1875,3112, 1874,3112, 1873,3113, 1872,3113, 1871,3114, 1870,3114, 1869,3114, 1868,3115, 1867,3115, 1866,3116, 1865,3116, 1864,3117, 1863,3117, 1862,3117, 1861,3118, 1860,3118, 1859,3118, 1858,3119, 1857,3119, 1856,3119, 1855,3120, 1854,3120, 1853,3120, 1852,3121, 1851,3121, 1850,3121, 1849,3121, 1848,3122, 1847,3122, 1846,3122, 1845,3122, 1844,3122, 1843,3123, 1842,3123, 1841,3123, 1840,3123, 1839,3123, 1838,3123, 1837,3123, 1836,3123, 1835,3124, 1834,3124, 1833,3124, 1832,3124, 1831,3124, 1830,3124, 1829,3124, 1828,3124, 1827,3124, 1826,3124, 1825,3124, 1824,3124, 1823,3124, 1822,3124, 1821,3124, 1820,3124, 1819,3124, 1818,3124, 1817,3124, 1816,3124, 1815,3124, 1814,3123, 1813,3123, 1812,3123, 1811,3123, 1810,3123, 1809,3123, 1808,3123, 1807,3123, 1806,3122, 1805,3122, 1804,3122, 1803,3122, 1802,3122, 1801,3121, 1800,3121, 1799,3121, 1798,3121, 1797,3120, 1796,3120, 1795,3120, 1794,3119, 1793,3119, 1792,3119, 1791,3118, 1790,3118, 1789,3118, 1788,3117, 1787,3117, 1786,3117, 1785,3116, 1784,3116, 1783,3115, 1782,3115, 1781,3114, 1780,3114, 1779,3114, 1778,3113, 1777,3113, 1776,3112, 1775,3112, 1774,3111, 1773,3110, 1772,3110, 1771,3109, 1770,3109, 1769,3108, 1768,3107, 1767,3107, 1766,3106, 1765,3106, 1764,3105, 1763,3104, 1762,3103, 1761,3103, 1760,3102, 1759,3101, 1758,3100, 1757,3100, 1756,3099, 1755,3098, 1754,3097, 1753,3096, 1752,3095, 1751,3094, 1750,3093, 1749,3092, 1748,3091, 1747,3090, 1746,3089, 1745,3088, 1744,3087, 1743,3086, 1742,3085, 1742,3084, 1741,3083, 1740,3082, 1739,3081, 1739,3080, 1738,3079, 1737,3078, 1736,3077, 1736,3076, 1735,3075, 1735,3074, 1734,3073, 1733,3072, 1733,3071, 1732,3070, 1732,3069, 1731,3068, 1730,3067, 1730,3066, 1729,3065, 1729,3064, 1728,3063, 1728,3062, 1728,3061, 1727,3060, 1727,3059, 1726,3058, 1726,3057, 1725,3056, 1725,3055, 1725,3054, 1724,3053, 1724,3052, 1724,3051, 1723,3050, 1723,3049, 1723,3048, 1722,3047, 1722,3046, 1722,3045, 1721,3044, 1720,3044, 1719,3043, 1718,3043, 1717,3042, 1716,3041, 1715,3041, 1714,3041, 1713,3040, 1713,3039, 1713,3038, 1713,3037, 1713,3036, 1713,3035, 1713,3034, 1712,3033, 1712,3032, 1712,3031, 1712,3030, 1712,3029, 1712,3028, 1712,3027, 1712,3026, 1712,3025, 1712,3024, 1712,3023, 1712,3022, 1712,3021, 1712,3020, 1712,3019, 1712,3018, 1712,3017, 1712,3016, 1712,3015, 1712,3014, 1712,3013, 1712,3012, 1712,3011, 1712,3010, 1712,3009, 1712,3008, 1712,3007, 1712,3006, 1712,3005, 1712,3004, 1712,3003, 1712
1,247, 1669,246, 1670,245, 1670,244, 1670,243, 1670,242, 1670,241, 1670,240, 1670,239, 1671,238, 1671,237, 1671,236, 1671,235, 1671,234, 1672,233, 1672,232, 1672,231, 1672,230, 1673,229, 1673,228, 1673,227, 1673,226, 1674,225, 1674,224, 1675,223, 1675,222, 1675,221, 1676,220, 1676,219, 1676,218, 1677,217, 1677,216, 1678,215, 1678,214, 1679,213, 1679,212, 1680,211, 1680,210, 1681,209, 1681,208, 1682,207, 1682,206, 1683,205, 1684,204, 1684,203, 1685,202, 1686,201, 1686,200, 1687,199, 1688,198, 1689,197, 1689,196, 1690,195, 1691,194, 1692,193, 1693,192, 1693,191, 1694,190, 1695,189, 1696,188, 1697,187, 1698,186, 1699,185, 1700,185, 1701,184, 1702,183, 1703,182, 1704,181, 1705,181, 1706,180, 1707,179, 1708,178, 1709,178, 1710,177, 1711,176, 1712,176, 1713,175, 1714,174, 1715,174, 1716,173, 1717,173, 1718,172, 1719,172, 1720,171, 1721,171, 1722,170, 1723,170, 1724,169, 1725,169, 1726,168, 1727,168, 1728,168, 1729,167, 1730,167, 1731,167, 1732,166, 1733,166, 1734,165, 1735,165, 1736,165, 1737,165, 1738,164, 1739,164, 1740,164, 1741,164, 1742,163, 1743,163, 1744,163, 1745,163, 1746,163, 1747,162, 1748,162, 1749,162, 1750,162, 1751,162, 1752,162, 1753,162, 1754,161, 1755,161, 1756,161, 1757,161, 1758,161, 1759,161, 1760,161, 1761,161, 1762,161, 1763,161, 1764,161, 1765,161, 1766,161, 1767,161, 1768,161, 1769,161, 1770,161, 1771,161, 1772,161, 1773,162, 1774,162, 1775,162, 1776,162, 1777,162, 1778,162, 1779,162, 1780,163, 1781,163, 1782,163, 1783,163, 1784,163, 1785,164, 1786,164, 1787,164, 1788,164, 1789,165, 1790,165, 1791,165, 1792,165, 1793,166, 1794,166, 1795,167, 1796,167, 1797,167, 1798,168, 1799,168, 1800,168, 1801,169, 1802,169, 1803,170, 1804,170, 1805,171, 1806,171, 1807,172, 1808,172, 1809,173, 1810,173, 1811,174, 1812,174, 1813,175, 1814,176, 1815,176, 1816,177, 1817,178, 1818,178, 1819,179, 1820,180, 1821,181, 1822,181, 1823,182, 1824,183, 1825,184, 1826,185, 1827,185, 1828,186, 1829,187, 1830,188, 1831,189, 1832,190, 1833,191, 1834,192, 1835,193, 1835,194, 1836,195, 1837,196, 1838,197, 1839,198, 1839,199, 1840,200, 1841,201, 1842,202, 1842,203, 1843,204, 1844,205, 1844,206, 1845,207, 1846,208, 1846,209, 1847,210, 1847,211, 1848,212, 1848,213, 1849,214, 1849,215, 1850,216, 1850,217, 1851,218, 1851,219, 1852,220, 1852,221, 1852,222, 1853,223, 1853,224, 1853,225, 1854,226, 1854,227, 1855,228, 1855,229, 1855,230, 1855,231, 1856,232, 1856,233, 1856,234, 1856,235, 1857,236, 1857,237, 1857,238, 1857,239, 1857,240, 1858,241, 1858,242, 1858,243, 1858,244, 1858,245, 1858,246, 1858,247, 1859,248, 1859,249, 1859,250, 1859,251, 1859,252, 1859,253, 1859,254, 1859,255, 1859,256, 1859,257, 1859,258, 1859,259, 1859,260, 1859,261, 1859,262, 1859,263, 1859,264, 1859,265, 1859,266, 1858,267, 1858,268, 1858,269, 1858,270, 1858,271, 1858,272, 1858,273, 1857,274, 1857,275, 1857,276, 1857,277, 1857,278, 1856,279, 1856,280, 1856,281, 1856,282, 1855,283, 1855,284, 1855,285, 1855,286, 1854,287, 1854,288, 1853,289, 1853,290, 1853,291, 1852,292, 1852,293, 1852,294, 1851,295, 1851,296, 1850,297, 1850,298, 1849,299, 1849,300, 1848,301, 1848,302, 1847,303, 1847,304, 1846,305, 1846,306, 1845,307, 1844,308, 1844,309, 1843,310, 1842,311, 1842,312, 1841,313, 1840,314, 1839,315, 1839,316, 1838,317, 1837,318, 1836,319, 1835,320, 1835,321, 1834,322, 1833,323, 1832,324, 1831,325, 1830,326, 1829,327, 1828,327, 1827,328, 1826,329, 1825,330, 1824,331, 1823,331, 1822,332, 1821,333, 1820,334, 1819,334, 1818,335, 1817,336, 1816,336, 1815,337, 1814,338, 1813,338, 1812,339, 1811,339, 1810,340, 1809,340, 1808,341, 1807,341, 1806,342, 1805,342, 1804,343, 1803,343, 1802,344, 1801,344, 1800,344, 1799,345, 1798,345, 1797,345, 1796,346, 1795,346, 1794,347, 1793,347, 1792,347, 1791,347, 1790,348, 1789,348, 1788,348, 1787,348, 1786,349, 1785,349, 1784,349, 1783,349, 1782,349, 1781,350, 1780,350, 1779,350, 1778,350, 1777,350, 1776,350, 1775,350, 1774,351, 1773,351, 1772,351, 1771,351, 1770,351, 1769,351, 1768,351, 1767,351, 1766,351, 1765,351, 1764,351, 1763,351, 1762,351, 1761,351, 1760,351, 1759,351, 1758,351, 1757,351, 1756,351, 1755,350, 1754,350, 1753,350, 1752,350, 1751,350, 1750,350, 1749,350, 1748,349, 1747,349, 1746,349, 1745,349, 1744,349, 1743,348, 1742,348, 1741,348, 1740,348, 1739,347, 1738,347, 1737,347, 1736,347, 1735,346, 1734,346, 1733,345, 1732,345, 1731,345, 1730,344, 1729,344, 1728,344, 1727,343, 1726,343, 1725,342, 1724,342, 1723,341, 1722,341, 1721,340, 1720,340, 1719,339, 1718,339, 1717,338, 1716,338, 1715,337, 1714,336, 1713,336, 1712,335, 1711,334, 1710,334, 1709,333, 1708,332, 1707,331, 1706,331, 1705,330, 1704,329, 1703,328, 1702,327, 1701,327, 1700,326, 1699,325, 1698,324, 1697,323, 1696,322, 1695,321, 1694,320, 1693,319, 1693,318, 1692,317, 1691,316, 1690,315, 1689,314, 1689,313, 1688,312, 1687,311, 1686,310, 1686,309, 1685,308, 1684,307, 1684,306, 1683,305, 1682,304, 1682,303, 1681,302, 1681,301, 1680,300, 1680,299, 1679,298, 1679,297, 1678,296, 1678,295, 1677,294, 1677,293, 1676,292, 1676,291, 1676,290, 1675,289, 1675,288, 1675,287, 1674,286, 1674,285, 1673,284, 1673,283, 1673,282, 1673,281, 1672,280, 1672,279, 1672,278, 1672,277, 1671,276, 1671,275, 1671,274, 1671,273, 1671,272, 1670,271, 1670,270, 1670,269, 1670,268, 1670,267, 1670,266, 1670,265, 1669,264, 1669,263, 1669,262, 1669,261, 1669,260, 1669,259, 1669,258, 1669,257, 1669,256, 1669,255, 1669,254, 1669,253, 1669,252, 1669,251, 1669,250, 1669,249, 1669,248, 1669
1,2928, 1651,2927, 1652,2926, 1652,2925, 1652,2924, 1652,2923, 1652,2922, 1652,2921, 1652,2920, 1653,2919, 1653,2918, 1653,2917, 1653,2916, 1653,2915, 1654,2914, 1654,2913, 1654,2912, 1654,2911, 1655,2910, 1655,2909, 1655,2908, 1655,2907, 1656,2906, 1656,2905, 1656,2904, 1657,2903, 1657,2902, 1657,2901, 1658,2900, 1658,2899, 1658,2898, 1659,2897, 1659,2896, 1660,2895, 1660,2894, 1661,2893, 1661,2892, 1662,2891, 1662,2890, 1663,2889, 1663,2888, 1664,2887, 1664,2886, 1665,2885, 1665,2884, 1666,2883, 1667,2882, 1667,2881, 1668,2880, 1668,2879, 1669,2878, 1670,2877, 1671,2876, 1671,2875, 1672,2874, 1673,2873, 1673,2872, 1674,2871, 1675,2870, 1676,2869, 1677,2868, 1678,2867, 1679,2866, 1680,2865, 1681,2864, 1682,2863, 1683,2862, 1684,2861, 1685,2860, 1686,2859, 1687,2858, 1688,2857, 1689,2856, 1690,2856, 1691,2855, 1692,2854, 1693,2854, 1694,2853, 1695,2852, 1696,2851, 1697,2851, 1698,2850, 1699,2850, 1700,2849, 1701,2848, 1702,2848, 1703,2847, 1704,2847, 1705,2846, 1706,2846, 1707,2845, 1708,2845, 1709,2844, 1710,2844, 1711,2843, 1712,2843, 1713,2842, 1714,2842, 1715,2841, 1716,2841, 1717,2841, 1718,2840, 1719,2840, 1720,2840, 1721,2839, 1722,2839, 1723,2839, 1724,2838, 1725,2838, 1726,2838, 1727,2838, 1728,2837, 1729,2837, 1730,2837, 1731,2837, 1732,2836, 1733,2836, 1734,2836, 1735,2836, 1736,2836, 1737,2835, 1738,2835, 1739,2835, 1740,2835, 1741,2835, 1742,2835, 1743,2835, 1744,2834, 1745,2834, 1746,2834, 1747,2834, 1748,2834, 1749,2834, 1750,2834, 1751,2834, 1752,2834, 1753,2834, 1754,2834, 1755,2834, 1756,2834, 1757,2834, 1758,2834, 1759,2834, 1760,2834, 1761,2834, 1762,2834, 1763,2834, 1764,2834, 1765,2835, 1766,2835, 1767,2835, 1768,2835, 1769,2835, 1770,2835, 1771,2835, 1772,2836, 1773,2836, 1774,2836, 1775,2836, 1776,2836, 1777,2837, 1778,2837, 1779,2837, 1780,2837, 1781,2838, 1782,2838, 1783,2838, 1784,2838, 1785,2839, 1786,2839, 1787,2839, 1788,2840, 1789,2840, 1790,2840, 1791,2841, 1792,2841, 1793,2841, 1794,2842, 1795,2842, 1796,2843, 1797,2843, 1798,2844, 1799,2844, 1800,2845, 1801,2845, 1802,2846, 1803,2846, 1804,2847, 1805,2847, 1806,2848, 1807,2848, 1808,2849, 1809,2850, 1810,2850, 1811,2851, 1812,2851, 1813,2852, 1814,2853, 1815,2854, 1816,2854, 1817,2855, 1818,2856, 1819,2856, 1820,2857, 1821,2858, 1822,2859, 1823,2860, 1824,2861, 1825,2862, 1826,2863, 1827,2864, 1828,2865, 1829,2866, 1830,2867, 1831,2868, 1832,2869, 1833,2870, 1834,2871, 1835,2872, 1836,2873, 1837,2874, 1837,2875, 1838,2876, 1839,2877, 1839,2878, 1840,2879, 1841,2880, 1842,2881, 1842,2882, 1843,2883, 1843,2884, 1844,2885, 1845,2886, 1845,2887, 1846,2888, 1846,2889, 1847,2890, 1847,2891, 1848,2892, 1848,2893, 1849,2894, 1849,2895, 1850,2896, 1850,2897, 1851,2898, 1851,2899, 1852,2900, 1852,2901, 1852,2902, 1853,2903, 1853,2904, 1853,2905, 1854,2906, 1854,2907, 1854,2908, 1855,2909, 1856,2910, 1857,2910, 1858,2910, 1859,2910, 1860,2911, 1861,2911, 1862,2912, 1862,2913, 1863,2914, 1863,2915, 1864,2916, 1864,2917, 1864,2918, 1864,2919, 1864,2920, 1864,2921, 1864,2922, 1865,2923, 1865,2924, 1865,2925, 1865,2926, 1865,2927, 1865,2928, 1865,2929, 1865,2930, 1865,2931, 1865,2932, 1865,2933, 1865,2934, 1865,2935, 1865,2936, 1865,2937, 1865,2938, 1865,2939, 1865,2940, 1865,2941, 1865,2942, 1865,2943, 1865,2944, 1865,2945, 1865,2946, 1865,2947, 1865,2948, 1865,2949, 1865,2950, 1865,2951, 1865,2952, 1865,2953, 1865,2954, 1864,2955, 1864,2956, 1864,2957, 1864,2958, 1864,2959, 1864,2960, 1864,2961, 1864,2962, 1863,2963, 1863,2964, 1863,2965, 1863,2966, 1862,2967, 1862,2968, 1862,2969, 1862,2970, 1862,2971, 1861,2972, 1861,2973, 1861,2974, 1860,2975, 1860,2976, 1860,2977, 1860,2978, 1859,2979, 1859,2980, 1859,2981, 1858,2982, 1857,2983, 1857,2984, 1857,2985, 1856,2986, 1856,2987, 1856,2988, 1855,2989, 1854,2990, 1854,2991, 1854,2991, 1853,2992, 1852,2993, 1852,2994, 1852,2995, 1852,2996, 1851,2997, 1851,2997, 1850,2998, 1849,2999, 1849,3000, 1848,3001, 1848,3002, 1848,3002, 1847,3002, 1846,3003, 1845,3004, 1845,3005, 1845,3006, 1845,3007, 1844,3008, 1843,3009, 1842,3010, 1842,3011, 1841,3011, 1840,3012, 1839,3013, 1839,3013, 1838,3014, 1837,3015, 1837,3015, 1836,3016, 1835,3017, 1835,3018, 1834,3019, 1833,3019, 1832,3020, 1831,3021, 1831,3021, 1830,3022, 1829,3022, 1828,3023, 1827,3024, 1827,3025, 1827,3025, 1826,3025, 1825,3025, 1824,3026, 1823,3027, 1823,3028, 1823,3028, 1822,3029, 1821,3030, 1820,3030, 1819,3031, 1818,3032, 1817,3032, 1816,3033, 1815,3033, 1814,3034, 1813,3035, 1812,3035, 1811,3036, 1810,3036, 1809,3037, 1808,3037, 1807,3038, 1806,3038, 1805,3038, 1804,3039, 1803,3039, 1802,3040, 1801,3041, 1800,3041, 1799,3041, 1798,3042, 1797,3042, 1796,3042, 1795,3042, 1794,3043, 1793,3043, 1792,3044, 1791,3044, 1790,3044, 1789,3044, 1788,3045, 1787,3045, 1786,3045, 1785,3045, 1784,3046, 1783,3046, 1782,3046, 1781,3046, 1780,3046, 1779,3047, 1778,3047, 1777,3047, 1776,3047, 1775,3047, 1774,3047, 1773,3047, 1772,3047, 1771,3047, 1770,3047, 1769,3047, 1768,3048, 1767,3048, 1766,3048, 1765,3048, 1764,3048, 1763,3048, 1762,3048, 1761,3048, 1760,3048, 1759,3048, 1758,3048, 1757,3048, 1756,3048, 1755,3048, 1754,3048, 1753,3048, 1752,3048, 1751,3048, 1750,3048, 1749,3048, 1748,3048, 1747,3048, 1746,3048, 1745,3048, 1744,3048, 1743,3048, 1742,3048, 1741,3048, 1740,3048, 1739,3047, 1738,3047, 1737,3047, 1736,3047, 1735,3047, 1734,3047, 1733,3047, 1732,3046, 1731,3046, 1730,3046, 1729,3046, 1728,3045, 1727,3045, 1726,3045, 1725,3045, 1724,3045, 1723,3044, 1722,3044, 1721,3044, 1720,3044, 1719,3043, 1718,3043, 1717,3042, 1716,3041, 1715,3041, 1714,3041, 1713,3040, 1713,3039, 1713,3038, 1713,3037, 1713,3036, 1713,3035, 1713,3034, 1712,3033, 1712,3032, 1711,3032, 1710,3031, 1709,3031, 1708,3030, 1707,3030, 1706,3029, 1705,3029, 1704,3028, 1703,3028, 1702,3027, 1701,3026, 1700,3026, 1699,3025, 1698,3025, 1697,3024, 1696,3023, 1695,3022, 1694,3022, 1693,3021, 1692,3020, 1691,3020, 1690,3019, 1689,3018, 1688,3017, 1687,3016, 1686,3015, 1685,3014, 1684,3013, 1683,3012, 1682,3011, 1681,3010, 1680,3009, 1679,3008, 1678,3007, 1677,3006, 1676,3005, 1675,3004, 1674,3003, 1673,3002, 1673,3001, 1672,3000, 1671,2999, 1671,2998, 1670,2997, 1669,2996, 1668,2995, 1668,2994, 1667,2993, 1667,2992, 1666,2991, 1665,2990, 1665,2989, 1664,2988, 1664,2987, 1663,2986, 1663,2985, 1662,2984, 1662,2983, 1661,2982, 1661,2981, 1660,2980, 1660,2979, 1659,2978, 1659,2977, 1658,2976, 1658,2975, 1658,2974, 1657,2973, 1657,2972, 1657,2971, 1656,2970, 1656,2969, 1656,2968, 1655,2967, 1655,2966, 1655,2965, 1655,2964, 1654,2963, 1654,2962, 1654,2961, 1654,2960, 1653,2959, 1653,2958, 1653,2957, 1653,2956, 1653,2955, 1652,2954, 1652,2953, 1652,2952, 1652,2951, 1652,2950, 1652,2949, 1652,2948, 1651,2947, 1651,2946, 1651,2945, 1651,2944, 1651,2943, 1651,2942, 1651,2941, 1651,2940, 1651,2939, 1651,2938, 1651,2937, 1651,2936, 1651,2935, 1651,2934, 1651,2933, 1651,2932, 1651,2931, 1651,2930, 1651,2929, 1651
1,2275, 1565,2274, 1566,2273, 1566,2272, 1566,2271, 1566,2270, 1566,2269, 1566,2268, 1566,2267, 1566,2266, 1567,2265, 1567,2264, 1567,2263, 1567,2262, 1567,2261, 1568,2260, 1568,2259, 1568,2258, 1568,2257, 1569,2256, 1569,2255, 1569,2254, 1569,2253, 1570,2252, 1570,2251, 1570,2250, 1571,2249, 1571,2248, 1571,2247, 1572,2246, 1572,2245, 1573,2244, 1573,2243, 1574,2242, 1574,2241, 1574,2240, 1575,2239, 1575,2238, 1576,2237, 1576,2236, 1577,2235, 1577,2234, 1578,2233, 1578,2232, 1579,2231, 1580,2230, 1580,2229, 1581,2228, 1581,2227, 1582,2226, 1583,2225, 1583,2224, 1584,2223, 1585,2222, 1586,2221, 1586,2220, 1587,2219, 1588,2218, 1589,2217, 1589,2216, 1590,2215, 1591,2214, 1592,2213, 1593,2212, 1594,2211, 1595,2210, 1596,2209, 1597,2208, 1598,2207, 1599,2206, 1600,2205, 1601,2204, 1602,2204, 1603,2203, 1604,2202, 1605,2201, 1606,2201, 1607,2200, 1608,2199, 1609,2198, 1610,2198, 1611,2197, 1612,2196, 1613,2196, 1614,2195, 1615,2195, 1616,2194, 1617,2193, 1618,2193, 1619,2192, 1620,2192, 1621,2191, 1622,2191, 1623,2190, 1624,2190, 1625,2189, 1626,2189, 1627,2189, 1628,2188, 1629,2188, 1630,2187, 1631,2187, 1632,2186, 1633,2186, 1634,2186, 1635,2185, 1636,2185, 1637,2185, 1638,2184, 1639,2184, 1640,2184, 1641,2184, 1642,2183, 1643,2183, 1644,2183, 1645,2183, 1646,2182, 1647,2182, 1648,2182, 1649,2182, 1650,2182, 1651,2181, 1652,2181, 1653,2181, 1654,2181, 1655,2181, 1656,2181, 1657,2181, 1658,2181, 1659,2180, 1660,2180, 1661,2180, 1662,2180, 1663,2180, 1664,2180, 1665,2180, 1666,2180, 1667,2180, 1668,2180, 1669,2180, 1670,2180, 1671,2180, 1672,2180, 1673,2180, 1674,2180, 1675,2180, 1676,2180, 1677,2180, 1678,2180, 1679,2181, 1680,2181, 1681,2181, 1682,2181, 1683,2181, 1684,2181, 1685,2181, 1686,2181, 1687,2182, 1688,2182, 1689,2182, 1690,2182, 1691,2182, 1692,2183, 1693,2183, 1694,2183, 1695,2183, 1696,2184, 1697,2184, 1698,2184, 1699,2184, 1700,2185, 1701,2185, 1702,2185, 1703,2186, 1704,2186, 1705,2186, 1706,2187, 1707,2187, 1708,2188, 1709,2188, 1710,2189, 1711,2189, 1712,2189, 1713,2190, 1714,2190, 1715,2191, 1716,2191, 1717,2192, 1718,2192, 1719,2193, 1720,2193, 1721,2194, 1722,2195, 1723,2195, 1724,2196, 1725,2195, 1726,2195, 1727,2195, 1728,2195, 1729,2195, 1730,2195, 1731,2195, 1732,2195, 1733,2195, 1734,2195, 1735,2195, 1736,2195, 1737,2195, 1738,2196, 1739,2197, 1740,2197, 1741,2198, 1742,2198, 1743,2199, 1743,2200, 1744,2200, 1745,2201, 1746,2202, 1746,2203, 1746,2204, 1747,2205, 1748,2205, 1749,2206, 1750,2206, 1751,2207, 1751,2208, 1752,2208, 1753,2209, 1753,2210, 1754,2210, 1755,2211, 1756,2212, 1756,2213, 1756,2214, 1757,2215, 1758,2216, 1759,2217, 1760,2218, 1760,2219, 1761,2219, 1762,2220, 1762,2221, 1762,2222, 1763,2222, 1764,2223, 1764,2224, 1765,2225, 1765,2226, 1765,2227, 1766,2228, 1767,2229, 1768,2230, 1768,2231, 1769,2232, 1769,2233, 1770,2234, 1770,2235, 1771,2236, 1771,2237, 1771,2238, 1772,2239, 1772,2240, 1773,2241, 1773,2242, 1773,2243, 1773,2244, 1773,2245, 1774,2245, 1775,2246, 1775,2247, 1775,2248, 1775,2249, 1775,2250, 1776,2251, 1776,2252, 1777,2253, 1777,2254, 1777,2255, 1777,2256, 1777,2257, 1778,2258, 1778,2259, 1778,2260, 1778,2261, 1779,2262, 1779,2263, 1779,2264, 1779,2265, 1779,2266, 1779,2267, 1779,2268, 1779,2269, 1780,2270, 1780,2271, 1780,2272, 1780,2273, 1780,2274, 1780,2275, 1780,2276, 1780,2277, 1780,2278, 1780,2279, 1780,2280, 1780,2281, 1780,2282, 1780,2283, 1780,2284, 1780,2285, 1780,2286, 1780,2287, 1780,2288, 1780,2289, 1780,2290, 1780,2291, 1780,2292, 1780,2293, 1780,2294, 1780,2295, 1780,2296, 1780,2297, 1780,2298, 1780,2299, 1780,2300, 1780,2301, 1779,2302, 1779,2303, 1779,2304, 1779,2305, 1779,2306, 1779,2307, 1779,2308, 1779,2309, 1778,2310, 1778,2311, 1778,2312, 1778,2313, 1777,2314, 1777,2315, 1777,2316, 1777,2317, 1777,2318, 1776,2319, 1776,2320, 1776,2321, 1776,2322, 1775,2323, 1775,2324, 1774,2325, 1773,2326, 1773,2327, 1773,2328, 1772,2329, 1772,2330, 1772,2331, 1772,2332, 1771,2333, 1771,2334, 1770,2335, 1770,2336, 1769,2337, 1769,2338, 1769,2338, 1768,2339, 1767,2340, 1767,2341, 1767,2342, 1767,2343, 1766,2343, 1765,2344, 1764,2345, 1764,2346, 1764,2347, 1764,2348, 1763,2349, 1762,2350, 1762,2350, 1761,2351, 1760,2352, 1760,2353, 1759,2354, 1759,2355, 1758,2356, 1757,2356, 1756,2356, 1755,2356, 1754,2356, 1753,2356, 1752,2356, 1751,2356, 1750,2356, 1749,2356, 1748,2356, 1747,2356, 1746,2357, 1745,2358, 1744,2359, 1743,2360, 1742,2361, 1741,2362, 1740,2363, 1739,2364, 1738,2365, 1737,2365, 1736,2366, 1735,2367, 1734,2368, 1733,2368, 1732,2369, 1731,2370, 1730,2371, 1729,2371, 1728,2372, 1727,2373, 1726,2373, 1725,2374, 1724,2374, 1723,2375, 1722,2376, 1721,2376, 1720,2377, 1719,2377, 1718,2378, 1717,2378, 1716,2379, 1715,2379, 1714,2380, 1713,2380, 1712,2380, 1711,2381, 1710,2381, 1709,2382, 1708,2382, 1707,2383, 1706,2383, 1705,2383, 1704,2384, 1703,2384, 1702,2384, 1701,2385, 1700,2385, 1699,2385, 1698,2385, 1697,2386, 1696,2386, 1695,2386, 1694,2386, 1693,2387, 1692,2387, 1691,2387, 1690,2387, 1689,2387, 1688,2388, 1687,2388, 1686,2388, 1685,2388, 1684,2388, 1683,2388, 1682,2388, 1681,2388, 1680,2389, 1679,2389, 1678,2389, 1677,2389, 1676,2389, 1675,2389, 1674,2389, 1673,2389, 1672,2389, 1671,2389, 1670,2389, 1669,2389, 1668,2389, 1667,2389, 1666,2389, 1665,2389, 1664,2389, 1663,2389, 1662,2389, 1661,2389, 1660,2388, 1659,2388, 1658,2388, 1657,2388, 1656,2388, 1655,2388, 1654,2388, 1653,2388, 1652,2387, 1651,2387, 1650,2387, 1649,2387, 1648,2387, 1647,2386, 1646,2386, 1645,2386, 1644,2386, 1643,2385, 1642,2385, 1641,2385, 1640,2385, 1639,2384, 1638,2384, 1637,2384, 1636,2383, 1635,2383, 1634,2383, 1633,2382, 1632,2382, 1631,2381, 1630,2381, 1629,2380, 1628,2380, 1627,2380, 1626,2379, 1625,2379, 1624,2378, 1623,2378, 1622,2377, 1621,2377, 1620,2376, 1619,2376, 1618,2375, 1617,2374, 1616,2374, 1615,2373, 1614,2373, 1613,2372, 1612,2371, 1611,2371, 1610,2370, 1609,2369, 1608,2368, 1607,2368, 1606,2367, 1605,2366, 1604,2365, 1603,2365, 1602,2364, 1601,2363, 1600,2362, 1599,2361, 1598,2360, 1597,2359, 1596,2358, 1595,2357, 1594,2356, 1593,2355, 1592,2354, 1591,2353, 1590,2352, 1589,2351, 1589,2350, 1588,2349, 1587,2348, 1586,2347, 1586,2346, 1585,2345, 1584,2344, 1583,2343, 1583,2342, 1582,2341, 1581,2340, 1581,2339, 1580,2338, 1580,2337, 1579,2336, 1578,2335, 1578,2334, 1577,2333, 1577,2332, 1576,2331, 1576,2330, 1575,2329, 1575,2328, 1574,2327, 1574,2326, 1574,2325, 1573,2324, 1573,2323, 1572,2322, 1572,2321, 1571,2320, 1571,2319, 1571,2318, 1570,2317, 1570,2316, 1570,2315, 1569,2314, 1569,2313, 1569,2312, 1569,2311, 1568,2310, 1568,2309, 1568,2308, 1568,2307, 1567,2306, 1567,2305, 1567,2304, 1567,2303, 1567,2302, 1566,2301, 1566,2300, 1566,2299, 1566,2298, 1566,2297, 1566,2296, 1566,2295, 1566,2294, 1565,2293, 1565,2292, 1565,2291, 1565,2290, 1565,2289, 1565,2288, 1565,2287, 1565,2286, 1565,2285, 1565,2284, 1565,2283, 1565,2282, 1565,2281, 1565,2280, 1565,2279, 1565,2278, 1565,2277, 1565,2276, 1565
1,1285, 1536,1284, 1537,1284, 1538,1283, 1539,1282, 1540,1281, 1540,1280, 1540,1279, 1540,1278, 1540,1277, 1540,1276, 1540,1275, 1540,1274, 1540,1273, 1540,1272, 1540,1271, 1540,1270, 1540,1269, 1540,1268, 1541,1268, 1542,1267, 1543,1266, 1544,1265, 1544,1264, 1544,1263, 1544,1262, 1544,1261, 1544,1260, 1544,1259, 1544,1258, 1544,1257, 1544,1256, 1545,1256, 1546,1255, 1547,1254, 1548,1253, 1548,1252, 1548,1251, 1548,1250, 1548,1249, 1548,1248, 1549,1248, 1550,1247, 1551,1246, 1552,1245, 1552,1244, 1553,1244, 1554,1243, 1555,1242, 1556,1241, 1556,1240, 1556,1239, 1556,1238, 1556,1237, 1556,1236, 1557,1236, 1558,1236, 1559,1236, 1560,1236, 1561,1236, 1562,1235, 1563,1234, 1564,1233, 1564,1232, 1564,1231, 1564,1230, 1564,1229, 1564,1228, 1565,1228, 1566,1227, 1567,1226, 1568,1225, 1568,1224, 1569,1224, 1570,1223, 1571,1222, 1572,1221, 1572,1220, 1573,1220, 1574,1219, 1575,1218, 1576,1217, 1576,1216, 1577,1216, 1578,1215, 1579,1214, 1580,1213, 1580,1212, 1581,1212, 1582,1212, 1583,1212, 1584,1212, 1585,1212, 1586,1212, 1587,1212, 1588,1212, 1589,1212, 1590,1211, 1591,1210, 1592,1209, 1592,1208, 1593,1208, 1594,1207, 1595,1206, 1596,1205, 1596,1204, 1597,1204, 1598,1204, 1599,1204, 1600,1204, 1601,1204, 1602,1204, 1603,1204, 1604,1204, 1605,1204, 1606,1204, 1607,1204, 1608,1204, 1609,1203, 1610,1202, 1611,1201, 1612,1200, 1613,1201, 1614,1201, 1615,1202, 1615,1203, 1616,1204, 1617,1204, 1618,1203, 1619,1202, 1620,1201, 1621,1200, 1622,1200, 1623,1200, 1624,1200, 1625,1200, 1626,1200, 1627,1200, 1628,1200, 1629,1200, 1630,1200, 1631,1200, 1632,1200, 1633,1200, 1634,1200, 1635,1200, 1636,1200, 1637,1200, 1638,1200, 1639,1200, 1640,1200, 1641,1200, 1642,1200, 1643,1200, 1644,1200, 1645,1200, 1646,1201, 1647,1202, 1647,1203, 1648,1204, 1649,1204, 1650,1204, 1651,1204, 1652,1204, 1653,1204, 1654,1204, 1655,1204, 1656,1204, 1657,1204, 1658,1204, 1659,1204, 1660,1204, 1661,1204, 1662,1204, 1663,1204, 1664,1204, 1665,1204, 1666,1204, 1667,1204, 1668,1204, 1669,1204, 1670,1205, 1671,1206, 1671,1207, 1672,1208, 1673,1208, 1674,1208, 1675,1208, 1676,1208, 1677,1208, 1678,1208, 1679,1208, 1680,1208, 1681,1208, 1682,1209, 1683,1210, 1683,1211, 1684,1212, 1685,1212, 1686,1212, 1687,1212, 1688,1212, 1689,1212, 1690,1213, 1691,1214, 1691,1215, 1692,1216, 1693,1216, 1694,1217, 1695,1218, 1695,1219, 1696,1220, 1697,1220, 1698,1221, 1699,1222, 1699,1223, 1700,1224, 1701,1224, 1702,1224, 1703,1224, 1704,1224, 1705,1224, 1706,1225, 1707,1226, 1707,1227, 1708,1228, 1709,1228, 1710,1229, 1711,1230, 1711,1231, 1711,1232, 1711,1233, 1711,1234, 1711,1235, 1712,1236, 1713,1236, 1714,1237, 1715,1238, 1715,1239, 1716,1240, 1717,1240, 1718,1241, 1719,1242, 1719,1243, 1719,1244, 1719,1245, 1719,1246, 1719,1247, 1720,1248, 1721,1248, 1722,1249, 1723,1250, 1723,1251, 1723,1252, 1723,1253, 1723,1254, 1723,1255, 1724,1256, 1725,1256, 1726,1257, 1727,1258, 1727,1259, 1727,1260, 1727,1261, 1727,1262, 1727,1263, 1728,1264, 1729,1264, 1730,1265, 1731,1266, 1731,1267, 1731,1268, 1731,1269, 1731,1270, 1731,1271, 1731,1272, 1731,1273, 1731,1274, 1731,1275, 1731,1276, 1731,1277, 1731,1278, 1731,1279, 1731,1280, 1731,1281, 1731,1282, 1731,1283, 1731,1284, 1731,1285, 1731,1286, 1731,1287, 1731,1288, 1731,1289, 1731,1290, 1731,1291, 1731,1292, 1731,1293, 1731,1294, 1731,1295, 1731,1296, 1731,1297, 1731,1298, 1731,1299, 1731,1300, 1731,1301, 1731,1302, 1731,1303, 1731,1304, 1731,1305, 1731,1306, 1731,1307, 1731,1308, 1731,1309, 1731,1310, 1731,1311, 1731,1312, 1731,1313, 1731,1314, 1731,1315, 1730,1315, 1729,1316, 1728,1317, 1727,1318, 1727,1319, 1727,1320, 1727,1321, 1727,1322, 1727,1323, 1727,1324, 1727,1325, 1727,1326, 1727,1327, 1727,1328, 1727,1329, 1727,1330, 1727,1331, 1726,1331, 1725,1332, 1724,1333, 1723,1334, 1723,1335, 1723,1336, 1723,1337, 1723,1338, 1723,1339, 1722,1339, 1721,1340, 1720,1341, 1719,1342, 1719,1343, 1719,1344, 1719,1345, 1719,1346, 1719,1347, 1718,1347, 1717,1348, 1716,1349, 1715,1350, 1715,1351, 1715,1352, 1715,1353, 1715,1354, 1715,1355, 1714,1355, 1713,1356, 1712,1357, 1711,1358, 1711,1359, 1710,1359, 1709,1360, 1708,1361, 1707,1362, 1707,1363, 1706,1363, 1705,1364, 1704,1365, 1703,1366, 1703,1367, 1702,1367, 1701,1368, 1700,1369, 1699,1370, 1699,1371, 1698,1371, 1697,1372, 1696,1373, 1695,1374, 1695,1375, 1694,1375, 1693,1375, 1692,1375, 1691,1375, 1690,1375, 1689,1376, 1688,1377, 1687,1378, 1687,1379, 1686,1379, 1685,1379, 1684,1379, 1683,1379, 1682,1379, 1681,1380, 1680,1381, 1679,1382, 1679,1383, 1678,1383, 1677,1384, 1676,1385, 1675,1386, 1675,1387, 1674,1387, 1673,1387, 1672,1387, 1671,1387, 1670,1387, 1669,1388, 1668,1389, 1667,1390, 1667,1391, 1666,1391, 1665,1391, 1664,1391, 1663,1391, 1662,1391, 1661,1391, 1660,1391, 1659,1391, 1658,1391, 1657,1392, 1656,1393, 1655,1394, 1655,1395, 1654,1395, 1653,1395, 1652,1395, 1651,1395, 1650,1395, 1649,1395, 1648,1395, 1647,1395, 1646,1395, 1645,1395, 1644,1395, 1643,1395, 1642,1395, 1641,1395, 1640,1395, 1639,1395, 1638,1395, 1637,1395, 1636,1395, 1635,1395, 1634,1395, 1633,1395, 1632,1395, 1631,1395, 1630,1395, 1629,1395, 1628,1395, 1627,1395, 1626,1395, 1625,1395, 1624,1395, 1623,1395, 1622,1395, 1621,1394, 1620,1393, 1620,1392, 1619,1391, 1618,1391, 1617,1391, 1616,1391, 1615,1391, 1614,1391, 1613,1391, 1612,1391, 1611,1391, 1610,1391, 1609,1391, 1608,1391, 1607,1391, 1606,1391, 1605,1390, 1604,1389, 1604,1388, 1603,1387, 1602,1387, 1601,1387, 1600,1387, 1599,1387, 1598,1387, 1597,1387, 1596,1387, 1595,1387, 1594,1387, 1593,1387, 1592,1387, 1591,1387, 1590,1387, 1589,1386, 1588,1385, 1588,1384, 1587,1383, 1586,1383, 1585,1382, 1584,1381, 1584,1380, 1583,1379, 1582,1379, 1581,1379, 1580,1379, 1579,1379, 1578,1379, 1577,1378, 1576,1377, 1576,1376, 1575,1375, 1574,1375, 1573,1375, 1572,1375, 1571,1375, 1570,1375, 1569,1374, 1568,1373, 1568,1372, 1568,1371, 1568,1370, 1568,1369, 1568,1368, 1567,1367, 1566,1367, 1565,1367, 1564,1367, 1563,1367, 1562,1367, 1561,1366, 1560,1365, 1560,1364, 1560,1363, 1560,1362, 1560,1361, 1560,1360, 1559,1359, 1558,1359, 1557,1358, 1556,1357, 1556,1356, 1555,1355, 1554,1355, 1553,1354, 1552,1353, 1552,1352, 1551,1351, 1550,1351, 1549,1350, 1548,1349, 1548,1348, 1548,1347, 1548,1346, 1548,1345, 1548,1344, 1548,1343, 1548,1342, 1548,1341, 1548,1340, 1547,1339, 1546,1339, 1545,1338, 1544,1337, 1544,1336, 1544,1335, 1544,1334, 1544,1333, 1544,1332, 1543,1331, 1542,1331, 1541,1330, 1540,1329, 1540,1328, 1540,1327, 1540,1326, 1540,1325, 1540,1324, 1540,1323, 1540,1322, 1540,1321, 1540,1320, 1540,1319, 1540,1318, 1540,1317, 1540,1316, 1539,1315, 1538,1315, 1537,1314, 1536,1313, 1536,1312, 1536,1311, 1536,1310, 1536,1309, 1536,1308, 1536,1307, 1536,1306, 1536,1305, 1536,1304, 1536,1303, 1536,1302, 1536,1301, 1536,1300, 1536,1299, 1536,1298, 1536,1297, 1536,1296, 1536,1295, 1536,1294, 1536,1293, 1536,1292, 1536,1291, 1536,1290, 1536,1289, 1536,1288, 1536,1287, 1536,1286, 1536
1,1977, 1460,1976, 1461,1976, 1462,1975, 1463,1974, 1464,1973, 1464,1972, 1464,1971, 1464,1970, 1464,1969, 1464,1968, 1464,1967, 1464,1966, 1464,1965, 1464,1964, 1464,1963, 1464,1962, 1464,1961, 1464,1960, 1464,1959, 1464,1958, 1464,1957, 1464,1956, 1464,1955, 1464,1954, 1464,1953, 1464,1952, 1465,1952, 1466,1951, 1467,1950, 1468,1949, 1468,1948, 1469,1948, 1470,1947, 1471,1946, 1472,1945, 1472,1944, 1472,1943, 1472,1942, 1472,1941, 1472,1940, 1473,1940, 1474,1939, 1475,1938, 1476,1937, 1476,1936, 1476,1935, 1476,1934, 1476,1933, 1476,1932, 1476,1931, 1476,1930, 1476,1929, 1476,1928, 1477,1928, 1478,1927, 1479,1926, 1480,1925, 1480,1924, 1481,1924, 1482,1923, 1483,1922, 1484,1921, 1484,1920, 1484,1919, 1484,1918, 1484,1917, 1484,1916, 1485,1916, 1486,1916, 1487,1916, 1488,1916, 1489,1916, 1490,1915, 1491,1914, 1492,1913, 1492,1912, 1493,1912, 1494,1911, 1495,1910, 1496,1909, 1496,1908, 1497,1908, 1498,1907, 1499,1906, 1500,1905, 1500,1904, 1500,1903, 1500,1902, 1500,1901, 1500,1900, 1501,1900, 1502,1900, 1503,1900, 1504,1900, 1505,1900, 1506,1899, 1507,1898, 1508,1897, 1508,1896, 1509,1895, 1510,1894, 1511,1893, 1512,1892, 1513,1892, 1514,1891, 1515,1890, 1516,1889, 1516,1888, 1517,1888, 1518,1888, 1519,1888, 1520,1888, 1521,1888, 1522,1887, 1523,1886, 1524,1885, 1524,1884, 1525,1884, 1526,1883, 1527,1882, 1528,1881, 1528,1880, 1529,1880, 1530,1879, 1531,1878, 1532,1877, 1532,1876, 1533,1876, 1534,1876, 1535,1876, 1536,1876, 1537,1876, 1538,1876, 1539,1876, 1540,1876, 1541,1876, 1542,1876, 1543,1876, 1544,1876, 1545,1876, 1546,1875, 1547,1874, 1548,1873, 1548,1872, 1549,1872, 1550,1872, 1551,1872, 1552,1872, 1553,1872, 1554,1872, 1555,1872, 1556,1872, 1557,1872, 1558,1872, 1559,1872, 1560,1872, 1561,1872, 1562,1872, 1563,1872, 1564,1872, 1565,1872, 1566,1872, 1567,1872, 1568,1872, 1569,1872, 1570,1872, 1571,1872, 1572,1872, 1573,1872, 1574,1872, 1575,1872, 1576,1872, 1577,1872, 1578,1872, 1579,1872, 1580,1872, 1581,1872, 1582,1872, 1583,1872, 1584,1872, 1585,1872, 1586,1873, 1587,1874, 1587,1875, 1588,1876, 1589,1876, 1590,1876, 1591,1876, 1592,1876, 1593,1876, 1594,1876, 1595,1876, 1596,1876, 1597,1876, 1598,1877, 1599,1878, 1599,1879, 1600,1880, 1601,1880, 1602,1880, 1603,1880, 1604,1880, 1605,1880, 1606,1880, 1607,1880, 1608,1880, 1609,1880, 1610,1881, 1611,1882, 1611,1883, 1612,1884, 1613,1884, 1614,1885, 1615,1886, 1615,1887, 1616,1888, 1617,1888, 1618,1889, 1619,1890, 1619,1891, 1620,1892, 1621,1892, 1622,1893, 1623,1894, 1624,1895, 1625,1896, 1626,1897, 1627,1898, 1627,1899, 1628,1900, 1629,1900, 1630,1901, 1631,1902, 1631,1903, 1632,1904, 1633,1904, 1634,1905, 1635,1906, 1635,1907, 1636,1908, 1637,1908, 1638,1909, 1639,1910, 1639,1911, 1639,1912, 1639,1913, 1639,1914, 1639,1915, 1639,1916, 1639,1917, 1639,1918, 1639,1919, 1640,1920, 1641,1920, 1642,1921, 1643,1922, 1643,1923, 1644,1924, 1645,1924, 1646,1925, 1647,1926, 1647,1927, 1647,1928, 1647,1929, 1647,1930, 1647,1931, 1647,1932, 1647,1933, 1647,1934, 1647,1935, 1647,1936, 1647,1937, 1647,1938, 1647,1939, 1648,1940, 1649,1940, 1650,1941, 1651,1942, 1651,1943, 1651,1944, 1651,1945, 1651,1946, 1651,1947, 1651,1948, 1651,1949, 1651,1950, 1651,1951, 1651,1952, 1651,1953, 1651,1954, 1651,1955, 1651,1956, 1651,1957, 1651,1958, 1651,1959, 1651,1960, 1651,1961, 1651,1962, 1651,1963, 1651,1964, 1651,1965, 1651,1966, 1651,1967, 1651,1968, 1651,1969, 1651,1970, 1651,1971, 1651,1972, 1651,1973, 1651,1974, 1651,1975, 1651,1976, 1651,1977, 1651,1978, 1651,1979, 1650,1979, 1649,1980, 1648,1981, 1647,1982, 1647,1983, 1647,1984, 1647,1985, 1647,1986, 1647,1987, 1647,1988, 1647,1989, 1647,1990, 1647,1991, 1646,1991, 1645,1992, 1644,1993, 1643,1994, 1643,1995, 1643,1996, 1643,1997, 1643,1998, 1643,1999, 1643,2000, 1643,2001, 1643,2002, 1643,2003, 1642,2003, 1641,2004, 1640,2005, 1639,2006, 1639,2007, 1639,2008, 1639,2009, 1639,2010, 1639,2011, 1638,2011, 1637,2012, 1636,2013, 1635,2014, 1635,2015, 1635,2016, 1635,2017, 1635,2018, 1635,2019, 1634,2019, 1633,2020, 1632,2021, 1631,2022, 1631,2023, 1631,2024, 1631,2025, 1631,2026, 1631,2027, 1631,2028, 1631,2029, 1631,2030, 1631,2031, 1630,2031, 1629,2032, 1628,2033, 1627,2034, 1627,2035, 1626,2035, 1625,2036, 1624,2037, 1623,2038, 1623,2039, 1622,2039, 1621,2039, 1620,2039, 1619,2039, 1618,2039, 1617,2040, 1616,2041, 1615,2042, 1615,2043, 1615,2044, 1615,2045, 1615,2046, 1615,2047, 1614,2047, 1613,2047, 1612,2047, 1611,2047, 1610,2047, 1609,2048, 1608,2049, 1607,2050, 1607,2051, 1606,2051, 1605,2052, 1604,2053, 1603,2054, 1603,2055, 1602,2055, 1601,2055, 1600,2055, 1599,2055, 1598,2055, 1597,2055, 1596,2055, 1595,2055, 1594,2055, 1593,2055, 1592,2055, 1591,2055, 1590,2055, 1589,2056, 1588,2057, 1587,2058, 1587,2059, 1586,2059, 1585,2059, 1584,2059, 1583,2059, 1582,2059, 1581,2060, 1580,2061, 1579,2062, 1579,2063, 1578,2063, 1577,2063, 1576,2063, 1575,2063, 1574,2063, 1573,2063, 1572,2063, 1571,2063, 1570,2063, 1569,2063, 1568,2063, 1567,2063, 1566,2063, 1565,2063, 1564,2063, 1563,2063, 1562,2063, 1561,2064, 1560,2065, 1559,2066, 1559,2067, 1558,2067, 1557,2067, 1556,2067, 1555,2067, 1554,2067, 1553,2067, 1552,2067, 1551,2067, 1550,2067, 1549,2067, 1548,2067, 1547,2067, 1546,2067, 1545,2067, 1544,2067, 1543,2067, 1542,2067, 1541,2067, 1540,2067, 1539,2067, 1538,2067, 1537,2067, 1536,2067, 1535,2067, 1534,2067, 1533,2067, 1532,2067, 1531,2067, 1530,2067, 1529,2067, 1528,2067, 1527,2067, 1526,2067, 1525,2066, 1524,2065, 1524,2064, 1523,2063, 1522,2063, 1521,2063, 1520,2063, 1519,2063, 1518,2063, 1517,2062, 1516,2061, 1516,2060, 1515,2059, 1514,2059, 1513,2059, 1512,2059, 1511,2059, 1510,2059, 1509,2058, 1508,2057, 1508,2056, 1507,2055, 1506,2055, 1505,2055, 1504,2055, 1503,2055, 1502,2055, 1501,2054, 1500,2053, 1500,2052, 1499,2051, 1498,2051, 1497,2050, 1496,2049, 1496,2048, 1495,2047, 1494,2047, 1493,2046, 1492,2045, 1492,2044, 1491,2043, 1490,2043, 1489,2042, 1488,2041, 1488,2040, 1487,2039, 1486,2039, 1485,2038, 1484,2037, 1484,2036, 1484,2035, 1484,2034, 1484,2033, 1484,2032, 1483,2031, 1482,2031, 1481,2030, 1480,2029, 1480,2028, 1479,2027, 1478,2027, 1477,2026, 1476,2025, 1476,2024, 1475,2023, 1474,2023, 1473,2022, 1472,2021, 1472,2020, 1472,2019, 1472,2018, 1472,2017, 1472,2016, 1471,2015, 1470,2015, 1469,2015, 1468,2015, 1467,2015, 1466,2015, 1465,2014, 1464,2013, 1464,2012, 1464,2011, 1464,2010, 1464,2009, 1464,2008, 1464,2007, 1464,2006, 1464,2005, 1464,2004, 1464,2003, 1464,2002, 1464,2001, 1464,2000, 1464,1999, 1464,1998, 1464,1997, 1464,1996, 1463,1995, 1462,1995, 1461,1994, 1460,1993, 1460,1992, 1460,1991, 1460,1990, 1460,1989, 1460,1988, 1460,1987, 1460,1986, 1460,1985, 1460,1984, 1460,1983, 1460,1982, 1460,1981, 1460,1980, 1460,1979, 1460,1978, 1460
1,629, 1432,628, 1433,628, 1434,627, 1435,626, 1436,625, 1436,624, 1436,623, 1436,622, 1436,621, 1436,620, 1436,619, 1436,618, 1436,617, 1436,616, 1436,615, 1436,614, 1436,613, 1436,612, 1436,611, 1436,610, 1436,609, 1436,608, 1437,608, 1438,607, 1439,606, 1440,605, 1440,604, 1440,603, 1440,602, 1440,601, 1440,600, 1441,600, 1442,599, 1443,598, 1444,597, 1444,596, 1444,595, 1444,594, 1444,593, 1444,592, 1445,592, 1446,591, 1447,590, 1448,589, 1448,588, 1448,587, 1448,586, 1448,585, 1448,584, 1449,584, 1450,583, 1451,582, 1452,581, 1452,580, 1452,579, 1452,578, 1452,577, 1452,576, 1452,575, 1452,574, 1452,573, 1452,572, 1453,572, 1454,571, 1455,570, 1456,569, 1456,568, 1457,568, 1458,567, 1459,566, 1460,565, 1460,564, 1461,564, 1462,563, 1463,562, 1464,561, 1464,560, 1465,560, 1466,559, 1467,558, 1468,557, 1468,556, 1469,556, 1470,555, 1471,554, 1472,553, 1472,552, 1473,552, 1474,551, 1475,550, 1476,549, 1476,548, 1477,548, 1478,547, 1479,546, 1480,545, 1480,544, 1481,544, 1482,543, 1483,542, 1484,541, 1484,540, 1485,540, 1486,539, 1487,538, 1488,537, 1488,536, 1489,536, 1490,536, 1491,536, 1492,536, 1493,536, 1494,536, 1495,536, 1496,536, 1497,536, 1498,535, 1499,534, 1500,533, 1500,532, 1501,532, 1502,532, 1503,532, 1504,532, 1505,532, 1506,532, 1507,532, 1508,532, 1509,532, 1510,532, 1511,532, 1512,532, 1513,532, 1514,532, 1515,532, 1516,532, 1517,532, 1518,531, 1519,530, 1520,529, 1520,528, 1521,528, 1522,528, 1523,528, 1524,528, 1525,528, 1526,528, 1527,528, 1528,528, 1529,528, 1530,528, 1531,528, 1532,528, 1533,529, 1534,530, 1535,531, 1536,532, 1537,532, 1538,531, 1539,530, 1540,529, 1541,528, 1541,528, 1542,528, 1543,528, 1544,528, 1545,528, 1546,529, 1547,530, 1547,531, 1548,532, 1549,532, 1550,532, 1551,532, 1552,532, 1553,532, 1554,532, 1555,532, 1556,532, 1557,532, 1558,533, 1559,534, 1559,535, 1560,536, 1561,536, 1562,536, 1563,536, 1564,536, 1565,536, 1566,536, 1567,536, 1568,536, 1569,536, 1570,537, 1571,538, 1571,539, 1572,540, 1573,540, 1574,541, 1575,542, 1575,543, 1576,544, 1577,544, 1578,544, 1579,544, 1580,544, 1581,544, 1582,544, 1583,544, 1584,544, 1585,544, 1586,545, 1587,546, 1587,547, 1588,548, 1589,548, 1590,549, 1591,550, 1591,551, 1592,552, 1593,552, 1594,552, 1595,552, 1596,552, 1597,552, 1598,553, 1599,554, 1599,555, 1600,556, 1601,556, 1602,557, 1603,558, 1603,559, 1604,560, 1605,560, 1606,561, 1607,562, 1607,563, 1608,564, 1609,564, 1610,565, 1611,566, 1611,567, 1612,568, 1613,568, 1614,569, 1615,570, 1615,571, 1615,572, 1615,573, 1615,574, 1615,575, 1616,576, 1617,576, 1618,577, 1619,578, 1619,579, 1619,580, 1619,581, 1619,582, 1619,583, 1619,584, 1619,585, 1619,586, 1620,587, 1621,588, 1622,589, 1623,590, 1623,591, 1623,592, 1623,593, 1623,594, 1623,595, 1623,596, 1623,597, 1623,598, 1623,599, 1624,600, 1625,600, 1626,601, 1627,602, 1627,603, 1627,604, 1627,605, 1627,606, 1627,607, 1628,608, 1629,608, 1630,609, 1631,610, 1631,611, 1631,612, 1631,613, 1631,614, 1631,615, 1631,616, 1631,617, 1631,618, 1631,619, 1631,620, 1631,621, 1631,622, 1631,623, 1631,624, 1631,625, 1631,626, 1631,627, 1631,628, 1631,629, 1631,630, 1631,631, 1630,631, 1629,632, 1628,633, 1627,634, 1627,635, 1627,636, 1627,637, 1627,638, 1627,639, 1627,640, 1627,641, 1627,642, 1627,643, 1626,643, 1625,644, 1624,645, 1623,646, 1623,647, 1623,648, 1623,649, 1623,650, 1623,651, 1623,652, 1623,653, 1623,654, 1623,655, 1622,655, 1621,656, 1620,657, 1619,658, 1619,659, 1619,660, 1619,661, 1619,662, 1619,663, 1618,663, 1617,664, 1616,665, 1615,666, 1615,667, 1615,668, 1615,669, 1615,670, 1615,671, 1614,671, 1613,672, 1612,673, 1611,674, 1611,675, 1610,675, 1609,676, 1608,677, 1607,678, 1607,679, 1606,679, 1605,680, 1604,681, 1603,682, 1603,683, 1602,683, 1601,684, 1600,685, 1599,686, 1599,687, 1599,688, 1599,689, 1599,690, 1599,691, 1598,691, 1597,691, 1596,691, 1595,691, 1594,691, 1593,692, 1592,693, 1591,694, 1591,695, 1590,695, 1589,695, 1588,695, 1587,695, 1586,695, 1585,696, 1584,697, 1583,698, 1583,699, 1582,699, 1581,699, 1580,699, 1579,699, 1578,699, 1577,700, 1576,701, 1575,702, 1575,703, 1574,703, 1573,704, 1572,705, 1571,706, 1571,707, 1570,707, 1569,707, 1568,707, 1567,707, 1566,707, 1565,708, 1564,709, 1563,710, 1563,711, 1562,711, 1561,711, 1560,711, 1559,711, 1558,711, 1557,711, 1556,711, 1555,711, 1554,711, 1553,712, 1552,713, 1551,714, 1551,715, 1550,715, 1549,715, 1548,715, 1547,715, 1546,715, 1545,715, 1544,715, 1543,715, 1542,715, 1541,715, 1540,715, 1539,715, 1538,715, 1537,715, 1536,715, 1535,715, 1534,715, 1533,716, 1532,717, 1531,718, 1531,719, 1530,719, 1529,719, 1528,719, 1527,719, 1526,719, 1525,718, 1525,717, 1524,716, 1523,715, 1522,715, 1521,716, 1520,717, 1519,718, 1518,719, 1518,719, 1517,719, 1516,719, 1515,719, 1514,719, 1513,719, 1512,719, 1511,719, 1510,719, 1509,719, 1508,719, 1507,719, 1506,719, 1505,718, 1504,717, 1504,716, 1503,715, 1502,715, 1501,715, 1500,715, 1499,715, 1498,715, 1497,715, 1496,715, 1495,715, 1494,715, 1493,714, 1492,713, 1492,712, 1491,711, 1490,711, 1489,711, 1488,711, 1487,711, 1486,711, 1485,710, 1484,709, 1484,708, 1483,707, 1482,707, 1481,707, 1480,707, 1479,707, 1478,707, 1477,706, 1476,705, 1476,704, 1475,703, 1474,703, 1473,703, 1472,703, 1471,703, 1470,703, 1469,702, 1468,701, 1468,700, 1467,699, 1466,699, 1465,698, 1464,697, 1464,696, 1463,695, 1462,695, 1461,694, 1460,693, 1460,692, 1459,691, 1458,691, 1457,690, 1456,689, 1456,688, 1455,687, 1454,687, 1453,686, 1452,685, 1452,684, 1451,683, 1450,683, 1449,682, 1448,681, 1448,680, 1448,679, 1448,678, 1448,677, 1447,676, 1447,675, 1446,675, 1445,674, 1444,673, 1444,672, 1444,671, 1444,670, 1444,669, 1444,668, 1444,667, 1444,666, 1444,665, 1444,664, 1443,663, 1442,663, 1441,662, 1440,661, 1440,660, 1440,659, 1440,658, 1440,657, 1440,656, 1439,655, 1438,655, 1437,654, 1436,653, 1436,652, 1436,651, 1436,650, 1436,649, 1436,648, 1436,647, 1436,646, 1436,645, 1436,644, 1436,643, 1436,642, 1436,641, 1436,640, 1435,639, 1434,639, 1433,638, 1432,637, 1432,636, 1432,635, 1432,634, 1432,633, 1432,632, 1432,631, 1432,630, 1432
1,1609, 1424,1608, 1425,1608, 1426,1607, 1427,1606, 1428,1605, 1428,1604, 1428,1603, 1428,1602, 1428,1601, 1428,1600, 1428,1599, 1428,1598, 1428,1597, 1428,1596, 1429,1596, 1430,1595, 1431,1594, 1432,1593, 1432,1592, 1432,1591, 1432,1590, 1432,1589, 1432,1588, 1433,1588, 1434,1587, 1435,1586, 1436,1585, 1436,1584, 1437,1584, 1438,1583, 1439,1582, 1440,1581, 1440,1580, 1441,1580, 1442,1579, 1443,1578, 1444,1577, 1444,1576, 1445,1575, 1446,1574, 1447,1573, 1448,1572, 1449,1572, 1450,1571, 1451,1570, 1452,1569, 1452,1568, 1453,1568, 1454,1567, 1455,1566, 1456,1565, 1456,1564, 1457,1564, 1458,1564, 1459,1564, 1460,1564, 1461,1564, 1462,1563, 1463,1562, 1464,1561, 1464,1560, 1465,1560, 1466,1560, 1467,1560, 1468,1560, 1469,1560, 1470,1560, 1471,1560, 1472,1560, 1473,1560, 1474,1559, 1475,1558, 1476,1557, 1476,1556, 1477,1556, 1478,1556, 1479,1556, 1480,1556, 1481,1556, 1482,1555, 1483,1554, 1484,1553, 1484,1552, 1485,1552, 1486,1552, 1487,1552, 1488,1552, 1489,1552, 1490,1552, 1491,1552, 1492,1552, 1493,1552, 1494,1552, 1495,1552, 1496,1552, 1497,1552, 1498,1552, 1499,1552, 1500,1552, 1501,1552, 1502,1551, 1503,1550, 1503,1549, 1504,1548, 1505,1548, 1506,1549, 1507,1550, 1508,1551, 1509,1552, 1510,1552, 1511,1552, 1512,1552, 1513,1552, 1514,1552, 1515,1552, 1516,1552, 1517,1552, 1518,1552, 1519,1552, 1520,1552, 1521,1552, 1522,1552, 1523,1552, 1524,1552, 1525,1552, 1526,1552, 1527,1552, 1528,1552, 1529,1552, 1530,1553, 1531,1554, 1531,1555, 1532,1556, 1533,1556, 1534,1556, 1535,1556, 1536,1556, 1537,1556, 1538,1556, 1539,1556, 1540,1556, 1541,1556, 1542,1556, 1543,1556, 1544,1556, 1545,1556, 1546,1557, 1547,1558, 1547,1559, 1548,1560, 1549,1560, 1550,1561, 1551,1562, 1551,1563, 1552,1564, 1553,1564, 1554,1564, 1555,1564, 1556,1564, 1557,1564, 1558,1565, 1559,1566, 1559,1567, 1560,1568, 1561,1568, 1562,1568, 1563,1568, 1564,1568, 1565,1568, 1566,1569, 1567,1570, 1567,1571, 1568,1572, 1569,1572, 1570,1573, 1571,1574, 1571,1575, 1572,1576, 1573,1576, 1574,1577, 1575,1578, 1575,1579, 1576,1580, 1577,1580, 1578,1581, 1579,1582, 1579,1583, 1580,1584, 1581,1584, 1582,1584, 1583,1584, 1584,1584, 1585,1584, 1586,1585, 1587,1586, 1587,1587, 1588,1588, 1589,1588, 1590,1589, 1591,1590, 1591,1591, 1591,1592, 1591,1593, 1591,1594, 1591,1595, 1592,1596, 1593,1596, 1594,1597, 1595,1598, 1595,1599, 1595,1600, 1595,1601, 1595,1602, 1595,1603, 1596,1604, 1597,1604, 1598,1605, 1599,1606, 1599,1607, 1599,1608, 1599,1609, 1599,1610, 1600,1611, 1601,1612, 1602,1613, 1603,1614, 1602,1615, 1602,1615, 1601,1616, 1600,1617, 1600,1618, 1599,1619, 1600,1620, 1601,1621, 1602,1622, 1603,1623, 1603,1624, 1603,1625, 1603,1626, 1603,1627, 1603,1628, 1603,1629, 1603,1630, 1603,1631, 1603,1632, 1603,1633, 1603,1634, 1603,1635, 1603,1636, 1603,1637, 1603,1638, 1603,1639, 1603,1640, 1603,1641, 1603,1642, 1603,1643, 1603,1644, 1603,1645, 1603,1646, 1603,1647, 1603,1648, 1603,1649, 1603,1650, 1603,1651, 1603,1652, 1603,1653, 1603,1654, 1603,1655, 1603,1656, 1603,1657, 1603,1658, 1603,1659, 1603,1660, 1603,1661, 1603,1662, 1603,1663, 1602,1663, 1601,1664, 1600,1665, 1599,1666, 1599,1667, 1599,1668, 1599,1669, 1599,1670, 1599,1671, 1599,1672, 1599,1673, 1599,1674, 1599,1675, 1598,1675, 1597,1676, 1596,1677, 1595,1678, 1595,1679, 1595,1680, 1595,1681, 1595,1682, 1595,1683, 1594,1683, 1593,1684, 1592,1685, 1591,1686, 1591,1687, 1591,1688, 1591,1689, 1591,1690, 1591,1691, 1590,1691, 1589,1692, 1588,1693, 1587,1694, 1587,1695, 1586,1695, 1585,1696, 1584,1697, 1583,1698, 1583,1699, 1582,1699, 1581,1700, 1580,1701, 1579,1702, 1579,1703, 1578,1703, 1577,1704, 1576,1705, 1575,1706, 1575,1707, 1574,1707, 1573,1707, 1572,1707, 1571,1707, 1570,1707, 1569,1708, 1568,1709, 1567,1710, 1567,1711, 1566,1711, 1565,1711, 1564,1711, 1563,1711, 1562,1711, 1561,1712, 1560,1713, 1559,1714, 1559,1715, 1558,1715, 1557,1715, 1556,1715, 1555,1715, 1554,1715, 1553,1716, 1552,1717, 1551,1718, 1551,1719, 1550,1719, 1549,1719, 1548,1719, 1547,1719, 1546,1719, 1545,1719, 1544,1719, 1543,1719, 1542,1719, 1541,1719, 1540,1719, 1539,1719, 1538,1719, 1537,1719, 1536,1719, 1535,1719, 1534,1719, 1533,1719, 1532,1719, 1531,1719, 1530,1719, 1529,1719, 1528,1719, 1527,1719, 1526,1719, 1525,1719, 1524,1719, 1523,1719, 1522,1719, 1521,1719, 1520,1719, 1519,1719, 1518,1719, 1517,1718, 1516,1717, 1516,1716, 1515,1715, 1514,1715, 1513,1715, 1512,1715, 1511,1715, 1510,1715, 1509,1715, 1508,1715, 1507,1715, 1506,1715, 1505,1715, 1504,1715, 1503,1715, 1502,1715, 1501,1714, 1500,1713, 1500,1712, 1499,1711, 1498,1711, 1497,1711, 1496,1711, 1495,1711, 1494,1711, 1493,1710, 1492,1709, 1492,1708, 1491,1707, 1490,1707, 1489,1707, 1488,1707, 1487,1707, 1486,1707, 1485,1706, 1484,1705, 1484,1704, 1483,1703, 1482,1703, 1481,1702, 1480,1701, 1480,1700, 1479,1699, 1478,1699, 1477,1698, 1476,1697, 1476,1696, 1475,1695, 1474,1695, 1473,1694, 1472,1693, 1472,1692, 1471,1691, 1470,1691, 1469,1691, 1468,1691, 1467,1691, 1466,1691, 1465,1690, 1464,1689, 1464,1688, 1464,1687, 1464,1686, 1464,1685, 1463,1684, 1463,1683, 1462,1683, 1461,1682, 1460,1681, 1460,1680, 1459,1679, 1458,1679, 1457,1678, 1456,1677, 1456,1676, 1455,1675, 1454,1675, 1453,1674, 1452,1673, 1452,1672, 1451,1671, 1450,1671, 1449,1670, 1448,1669, 1448,1668, 1447,1667, 1446,1667, 1445,1666, 1444,1665, 1444,1664, 1443,1663, 1442,1663, 1441,1662, 1440,1661, 1440,1660, 1440,1659, 1440,1658, 1440,1657, 1440,1656, 1439,1655, 1438,1655, 1437,1654, 1436,1653, 1436,1652, 1436,1651, 1436,1650, 1436,1649, 1436,1648, 1436,1647, 1436,1646, 1436,1645, 1436,1644, 1435,1643, 1434,1643, 1433,1642, 1432,1641, 1432,1640, 1432,1639, 1432,1638, 1432,1637, 1432,1636, 1431,1635, 1430,1635, 1429,1634, 1428,1633, 1428,1632, 1427,1631, 1426,1631, 1425,1630, 1424,1629, 1424,1628, 1424,1627, 1424,1626, 1424,1625, 1424,1624, 1424,1623, 1424,1622, 1424,1621, 1424,1620, 1424,1619, 1424,1618, 1424,1617, 1424,1616, 1424,1615, 1424,1614, 1424,1613, 1424,1612, 1424,1611, 1424,1610, 1424
1,261, 1424,260, 1425,260, 1426,259, 1427,258, 1428,257, 1428,256, 1428,255, 1428,254, 1428,253, 1428,252, 1428,251, 1428,250, 1428,249, 1428,248, 1429,248, 1430,247, 1431,246, 1432,245, 1432,244, 1432,243, 1432,242, 1432,241, 1432,240, 1432,239, 1432,238, 1432,237, 1432,236, 1432,235, 1432,234, 1432,233, 1432,232, 1433,232, 1434,232, 1435,232, 1436,232, 1437,232, 1438,231, 1439,230, 1440,229, 1440,228, 1440,227, 1440,226, 1440,225, 1440,224, 1441,224, 1442,223, 1443,222, 1444,221, 1444,220, 1444,219, 1444,218, 1444,217, 1444,216, 1445,216, 1446,215, 1447,214, 1448,213, 1448,212, 1449,212, 1450,211, 1451,210, 1452,209, 1452,208, 1453,208, 1454,207, 1455,206, 1456,205, 1456,204, 1457,204, 1458,203, 1459,202, 1460,201, 1460,200, 1461,200, 1462,199, 1463,198, 1464,197, 1464,196, 1465,196, 1466,195, 1467,194, 1468,193, 1468,192, 1468,191, 1468,190, 1468,189, 1468,188, 1469,188, 1470,188, 1471,188, 1472,188, 1473,188, 1474,188, 1475,188, 1476,188, 1477,188, 1478,187, 1479,186, 1480,185, 1480,184, 1481,184, 1482,183, 1483,182, 1484,181, 1484,180, 1485,180, 1486,179, 1487,178, 1488,177, 1488,176, 1489,176, 1490,175, 1491,174, 1492,173, 1492,172, 1493,172, 1494,172, 1495,172, 1496,172, 1497,172, 1498,172, 1499,172, 1500,172, 1501,172, 1502,171, 1503,170, 1504,169, 1504,168, 1505,168, 1506,168, 1507,168, 1508,168, 1509,168, 1510,168, 1511,168, 1512,168, 1513,168, 1514,167, 1515,166, 1516,165, 1516,164, 1517,164, 1518,164, 1519,164, 1520,164, 1521,164, 1522,164, 1523,164, 1524,164, 1525,164, 1526,164, 1527,164, 1528,164, 1529,164, 1530,163, 1531,162, 1532,161, 1532,160, 1533,160, 1534,160, 1535,160, 1536,160, 1537,160, 1538,160, 1539,160, 1540,160, 1541,160, 1542,161, 1543,162, 1543,163, 1544,164, 1545,164, 1546,164, 1547,164, 1548,164, 1549,164, 1550,164, 1551,164, 1552,164, 1553,164, 1554,164, 1555,164, 1556,164, 1557,164, 1558,165, 1559,166, 1559,167, 1560,168, 1561,168, 1562,168, 1563,168, 1564,168, 1565,168, 1566,169, 1567,170, 1567,171, 1568,172, 1569,172, 1570,172, 1571,172, 1572,172, 1573,172, 1574,173, 1575,174, 1575,175, 1575,176, 1575,177, 1575,178, 1575,179, 1576,180, 1577,180, 1578,180, 1579,180, 1580,180, 1581,180, 1582,181, 1583,182, 1583,183, 1584,184, 1585,184, 1586,185, 1587,186, 1587,187, 1588,188, 1589,188, 1590,189, 1591,190, 1591,191, 1592,192, 1593,192, 1594,193, 1595,194, 1595,195, 1595,196, 1595,197, 1595,198, 1595,199, 1596,200, 1597,200, 1598,201, 1599,202, 1599,203, 1600,204, 1601,204, 1602,205, 1603,206, 1603,207, 1603,208, 1603,209, 1603,210, 1603,211, 1604,212, 1605,212, 1606,213, 1607,214, 1607,215, 1607,216, 1607,217, 1607,218, 1607,219, 1607,220, 1607,221, 1607,222, 1607,223, 1606,223, 1605,224, 1604,225, 1603,226, 1603,227, 1603,228, 1603,229, 1603,230, 1603,231, 1604,231, 1605,232, 1606,233, 1607,234, 1607,235, 1606,235, 1605,235, 1604,235, 1603,235, 1602,235, 1601,236, 1600,237, 1599,238, 1599,239, 1599,240, 1599,241, 1599,242, 1599,243, 1600,244, 1601,244, 1602,245, 1603,246, 1603,247, 1603,248, 1603,249, 1603,250, 1603,251, 1603,252, 1603,253, 1603,254, 1603,255, 1603,256, 1603,257, 1603,258, 1603,259, 1603,260, 1603,261, 1603,262, 1603,263, 1603,264, 1603,265, 1603,266, 1603,267, 1603,268, 1603,269, 1603,270, 1603,271, 1603,272, 1603,273, 1603,274, 1603,275, 1603,276, 1603,277, 1603,278, 1603,279, 1603,280, 1603,281, 1603,282, 1603,283, 1603,284, 1603,285, 1603,286, 1603,287, 1603,288, 1603,289, 1603,290, 1603,291, 1602,291, 1601,292, 1600,293, 1599,294, 1599,295, 1599,296, 1599,297, 1599,298, 1599,299, 1598,299, 1597,300, 1596,301, 1595,302, 1595,303, 1595,304, 1595,305, 1595,306, 1595,307, 1595,308, 1595,309, 1595,310, 1595,311, 1594,311, 1593,312, 1592,313, 1591,314, 1591,315, 1590,315, 1589,316, 1588,317, 1587,318, 1587,319, 1586,319, 1585,320, 1584,321, 1583,322, 1583,323, 1582,323, 1581,324, 1580,325, 1579,326, 1579,327, 1578,327, 1577,328, 1576,329, 1575,330, 1575,331, 1574,331, 1573,332, 1572,333, 1571,334, 1571,335, 1571,336, 1571,337, 1571,338, 1571,339, 1570,339, 1569,339, 1568,339, 1567,339, 1566,339, 1565,339, 1564,339, 1563,339, 1562,339, 1561,340, 1560,341, 1559,342, 1559,343, 1558,343, 1557,344, 1556,345, 1555,346, 1555,347, 1554,347, 1553,348, 1552,349, 1551,350, 1551,351, 1550,351, 1549,351, 1548,351, 1547,351, 1546,351, 1545,351, 1544,351, 1543,351, 1542,351, 1541,351, 1540,351, 1539,351, 1538,351, 1537,352, 1536,353, 1535,354, 1535,355, 1534,355, 1533,355, 1532,355, 1531,355, 1530,355, 1529,355, 1528,355, 1527,355, 1526,356, 1525,357, 1524,358, 1523,359, 1522,359, 1521,358, 1520,357, 1519,356, 1519,355, 1518,355, 1517,355, 1516,355, 1515,355, 1514,355, 1513,355, 1512,355, 1511,355, 1510,355, 1509,355, 1508,355, 1507,355, 1506,355, 1505,355, 1504,355, 1503,355, 1502,355, 1501,355, 1500,355, 1499,355, 1498,355, 1497,355, 1496,355, 1495,355, 1494,355, 1493,354, 1492,353, 1492,352, 1491,351, 1490,351, 1489,351, 1488,351, 1487,351, 1486,351, 1485,351, 1484,351, 1483,351, 1482,351, 1481,351, 1480,351, 1479,351, 1478,351, 1477,350, 1476,349, 1476,348, 1475,347, 1474,347, 1473,346, 1472,345, 1472,344, 1471,343, 1470,343, 1469,343, 1468,343, 1467,343, 1466,343, 1465,342, 1464,341, 1464,340, 1463,339, 1462,339, 1461,338, 1460,337, 1460,336, 1459,335, 1458,335, 1457,335, 1456,335, 1455,335, 1454,335, 1453,334, 1452,333, 1452,332, 1451,331, 1450,331, 1449,330, 1448,329, 1448,328, 1447,327, 1446,327, 1445,326, 1444,325, 1444,324, 1444,323, 1444,322, 1444,321, 1444,320, 1443,319, 1442,319, 1441,318, 1440,317, 1440,316, 1439,315, 1438,315, 1437,314, 1436,313, 1436,312, 1436,311, 1436,310, 1436,309, 1436,308, 1435,307, 1434,307, 1433,306, 1432,305, 1432,304, 1432,303, 1432,302, 1432,301, 1432,300, 1431,299, 1430,299, 1429,298, 1428,297, 1428,296, 1428,295, 1428,294, 1428,293, 1428,292, 1428,291, 1428,290, 1428,289, 1428,288, 1428,287, 1428,286, 1428,285, 1428,284, 1428,283, 1428,282, 1428,281, 1428,280, 1427,279, 1426,279, 1425,278, 1424,277, 1424,276, 1424,275, 1424,274, 1424,273, 1424,272, 1424,271, 1424,270, 1424,269, 1424,268, 1424,267, 1424,266, 1424,265, 1424,264, 1424,263, 1424,262, 1424
1,1065, 1402,1064, 1403,1063, 1403,1062, 1403,1061, 1403,1060, 1403,1059, 1403,1058, 1403,1057, 1403,1056, 1404,1055, 1404,1054, 1404,1053, 1404,1052, 1404,1051, 1405,1050, 1405,1049, 1405,1048, 1405,1047, 1406,1046, 1406,1045, 1406,1044, 1406,1043, 1407,1042, 1407,1041, 1407,1040, 1408,1039, 1408,1038, 1408,1037, 1409,1036, 1409,1035, 1410,1034, 1410,1033, 1411,1032, 1411,1031, 1411,1030, 1412,1029, 1412,1028, 1413,1027, 1413,1026, 1414,1025, 1414,1024, 1415,1023, 1415,1022, 1416,1021, 1417,1020, 1417,1019, 1418,1018, 1418,1017, 1419,1016, 1420,1015, 1420,1014, 1421,1013, 1422,1012, 1423,1011, 1423,1010, 1424,1009, 1425,1008, 1426,1007, 1426,1006, 1427,1005, 1428,1004, 1429,1003, 1430,1002, 1431,1001, 1432,1000, 1433,999, 1434,998, 1435,997, 1436,996, 1437,995, 1438,994, 1439,994, 1440,993, 1441,992, 1442,991, 1443,991, 1444,990, 1445,989, 1446,988, 1447,988, 1448,987, 1449,986, 1450,986, 1451,985, 1452,985, 1453,984, 1454,983, 1455,983, 1456,982, 1457,982, 1458,981, 1459,981, 1460,980, 1461,980, 1462,979, 1463,979, 1464,979, 1465,978, 1466,978, 1467,977, 1468,977, 1469,976, 1470,976, 1471,976, 1472,975, 1473,975, 1474,975, 1475,974, 1476,974, 1477,974, 1478,974, 1479,973, 1480,973, 1481,973, 1482,973, 1483,972, 1484,972, 1485,972, 1486,972, 1487,972, 1488,971, 1489,971, 1490,971, 1491,971, 1492,971, 1493,971, 1494,971, 1495,971, 1496,970, 1497,970, 1498,970, 1499,970, 1500,970, 1501,970, 1502,970, 1503,970, 1504,970, 1505,970, 1506,970, 1507,970, 1508,970, 1509,970, 1510,970, 1511,970, 1512,970, 1513,970, 1514,970, 1515,970, 1516,971, 1517,971, 1518,971, 1519,971, 1520,971, 1521,971, 1522,971, 1523,971, 1524,972, 1525,972, 1526,972, 1527,972, 1528,972, 1529,973, 1530,973, 1531,973, 1532,973, 1533,974, 1534,974, 1535,974, 1536,974, 1537,975, 1538,975, 1539,975, 1540,976, 1541,976, 1542,976, 1543,977, 1544,977, 1545,978, 1546,978, 1547,979, 1548,979, 1549,979, 1550,980, 1551,980, 1552,981, 1553,981, 1554,982, 1555,982, 1556,983, 1557,983, 1558,984, 1559,985, 1560,985, 1561,986, 1562,986, 1563,987, 1564,988, 1565,988, 1566,989, 1567,990, 1568,991, 1569,991, 1570,992, 1571,993, 1572,994, 1573,994, 1574,995, 1575,996, 1576,997, 1577,998, 1578,999, 1579,1000, 1580,1001, 1581,1002, 1582,1003, 1583,1004, 1584,1005, 1585,1006, 1586,1007, 1587,1008, 1587,1009, 1588,1010, 1589,1011, 1590,1012, 1590,1013, 1591,1014, 1592,1015, 1593,1016, 1593,1017, 1594,1018, 1595,1019, 1595,1020, 1596,1021, 1596,1022, 1597,1023, 1598,1024, 1598,1025, 1599,1026, 1599,1027, 1600,1028, 1600,1029, 1601,1030, 1601,1031, 1602,1032, 1602,1033, 1602,1034, 1603,1035, 1603,1036, 1604,1037, 1604,1038, 1605,1039, 1605,1040, 1605,1041, 1606,1042, 1606,1043, 1606,1044, 1607,1045, 1607,1046, 1607,1047, 1607,1048, 1608,1049, 1608,1050, 1608,1051, 1608,1052, 1609,1053, 1609,1054, 1609,1055, 1609,1056, 1609,1057, 1610,1058, 1610,1059, 1610,1060, 1610,1061, 1610,1062, 1610,1063, 1610,1064, 1610,1065, 1611,1066, 1611,1067, 1611,1068, 1611,1069, 1611,1070, 1611,1071, 1611,1072, 1611,1073, 1611,1074, 1611,1075, 1611,1076, 1611,1077, 1611,1078, 1611,1079, 1611,1080, 1611,1081, 1611,1082, 1611,1083, 1611,1084, 1611,1085, 1610,1086, 1610,1087, 1610,1088, 1610,1089, 1610,1090, 1610,1091, 1610,1092, 1610,1093, 1609,1094, 1609,1095, 1609,1096, 1609,1097, 1609,1098, 1608,1099, 1608,1100, 1608,1101, 1608,1102, 1607,1103, 1607,1104, 1607,1105, 1607,1106, 1606,1107, 1606,1108, 1606,1109, 1605,1110, 1605,1111, 1605,1112, 1604,1113, 1604,1114, 1603,1115, 1603,1116, 1602,1117, 1602,1118, 1602,1119, 1601,1120, 1601,1121, 1600,1122, 1600,1123, 1599,1124, 1599,1125, 1598,1126, 1598,1127, 1597,1128, 1596,1129, 1596,1130, 1595,1131, 1595,1132, 1594,1133, 1593,1134, 1593,1135, 1592,1136, 1591,1137, 1590,1138, 1590,1139, 1589,1140, 1588,1141, 1587,1142, 1587,1143, 1586,1144, 1585,1145, 1584,1146, 1583,1147, 1582,1148, 1581,1149, 1580,1150, 1579,1151, 1578,1152, 1577,1153, 1576,1154, 1575,1155, 1574,1155, 1573,1156, 1572,1157, 1571,1158, 1570,1158, 1569,1159, 1568,1160, 1567,1161, 1566,1161, 1565,1162, 1564,1163, 1563,1163, 1562,1164, 1561,1164, 1560,1165, 1559,1166, 1558,1166, 1557,1167, 1556,1167, 1555,1168, 1554,1168, 1553,1169, 1552,1169, 1551,1170, 1550,1170, 1549,1170, 1548,1171, 1547,1171, 1546,1172, 1545,1172, 1544,1173, 1543,1173, 1542,1173, 1541,1174, 1540,1174, 1539,1174, 1538,1175, 1537,1175, 1536,1175, 1535,1175, 1534,1176, 1533,1176, 1532,1176, 1531,1176, 1530,1177, 1529,1177, 1528,1177, 1527,1177, 1526,1177, 1525,1178, 1524,1178, 1523,1178, 1522,1178, 1521,1178, 1520,1178, 1519,1178, 1518,1178, 1517,1179, 1516,1179, 1515,1179, 1514,1179, 1513,1179, 1512,1180, 1511,1181, 1511,1182, 1511,1183, 1511,1184, 1511,1185, 1511,1185, 1510,1185, 1509,1185, 1508,1185, 1507,1185, 1506,1185, 1505,1185, 1504,1185, 1503,1185, 1502,1185, 1501,1185, 1500,1185, 1499,1185, 1498,1185, 1497,1185, 1496,1185, 1495,1185, 1494,1185, 1493,1185, 1492,1185, 1491,1184, 1490,1184, 1489,1184, 1488,1184, 1487,1184, 1486,1184, 1485,1184, 1484,1184, 1483,1183, 1482,1183, 1481,1183, 1480,1183, 1479,1183, 1478,1182, 1477,1182, 1476,1182, 1475,1182, 1474,1181, 1473,1181, 1472,1181, 1471,1180, 1470,1180, 1469,1180, 1468,1179, 1467,1179, 1466,1179, 1465,1178, 1464,1178, 1463,1177, 1462,1177, 1461,1176, 1460,1176, 1459,1176, 1458,1176, 1457,1175, 1456,1175, 1455,1174, 1454,1173, 1453,1173, 1452,1173, 1451,1172, 1450,1171, 1449,1171, 1448,1170, 1447,1169, 1447,1168, 1446,1168, 1445,1168, 1444,1168, 1443,1167, 1442,1167, 1441,1166, 1440,1165, 1439,1164, 1438,1164, 1437,1163, 1437,1162, 1436,1162, 1435,1161, 1435,1160, 1434,1159, 1433,1158, 1432,1158, 1431,1158, 1430,1157, 1430,1156, 1429,1156, 1428,1155, 1427,1154, 1427,1153, 1426,1153, 1425,1152, 1424,1151, 1423,1150, 1422,1149, 1421,1148, 1420,1147, 1420,1146, 1419,1145, 1418,1144, 1418,1143, 1418,1142, 1418,1141, 1417,1141, 1416,1141, 1415,1140, 1414,1139, 1414,1138, 1414,1137, 1413,1137, 1412,1136, 1412,1135, 1411,1134, 1411,1133, 1410,1132, 1409,1131, 1409,1130, 1408,1129, 1408,1128, 1408,1127, 1408,1126, 1408,1125, 1408,1124, 1408,1123, 1408,1122, 1408,1121, 1408,1120, 1408,1119, 1408,1118, 1408,1117, 1409,1117, 1410,1116, 1411,1115, 1410,1114, 1410,1113, 1409,1112, 1409,1111, 1408,1110, 1408,1109, 1408,1108, 1407,1107, 1407,1106, 1407,1105, 1406,1104, 1406,1103, 1406,1102, 1406,1101, 1405,1100, 1405,1099, 1405,1098, 1405,1097, 1404,1096, 1404,1095, 1404,1094, 1404,1093, 1404,1092, 1403,1091, 1403,1090, 1403,1089, 1403,1088, 1403,1087, 1403,1086, 1403,1085, 1403,1084, 1402,1083, 1402,1082, 1402,1081, 1402,1080, 1402,1079, 1402,1078, 1402,1077, 1402,1076, 1402,1075, 1402,1074, 1402,1073, 1402,1072, 1402,1071, 1402,1070, 1402,1069, 1402,1068, 1402,1067, 1402,1066, 1402
1,1206, 1300,1205, 1301,1204, 1301,1203, 1301,1202, 1301,1201, 1301,1200, 1301,1199, 1302,1198, 1302,1197, 1302,1196, 1302,1195, 1302,1194, 1303,1193, 1303,1192, 1303,1191, 1303,1190, 1304,1189, 1304,1188, 1304,1187, 1305,1186, 1305,1185, 1306,1184, 1306,1183, 1306,1182, 1307,1181, 1307,1180, 1308,1179, 1308,1178, 1309,1177, 1309,1176, 1310,1175, 1310,1174, 1311,1173, 1311,1172, 1312,1171, 1312,1170, 1313,1169, 1314,1168, 1314,1167, 1315,1166, 1316,1165, 1317,1164, 1317,1163, 1318,1162, 1319,1161, 1320,1160, 1321,1159, 1322,1158, 1322,1157, 1323,1156, 1324,1155, 1325,1154, 1326,1154, 1327,1153, 1328,1152, 1329,1151, 1330,1150, 1331,1149, 1332,1149, 1333,1148, 1334,1147, 1335,1146, 1336,1146, 1337,1145, 1338,1144, 1339,1144, 1340,1143, 1341,1143, 1342,1142, 1343,1142, 1344,1141, 1345,1141, 1346,1140, 1347,1140, 1348,1139, 1349,1139, 1350,1138, 1351,1138, 1352,1137, 1353,1137, 1354,1136, 1355,1136, 1356,1135, 1357,1135, 1358,1134, 1359,1134, 1360,1133, 1361,1133, 1362,1132, 1363,1132, 1364,1131, 1365,1131, 1366,1131, 1367,1130, 1368,1130, 1369,1129, 1370,1129, 1371,1129, 1372,1128, 1373,1128, 1374,1128, 1375,1128, 1376,1127, 1377,1127, 1378,1127, 1379,1127, 1380,1127, 1381,1126, 1382,1126, 1383,1126, 1384,1126, 1385,1126, 1386,1126, 1387,1125, 1388,1125, 1389,1125, 1390,1125, 1391,1125, 1392,1125, 1393,1125, 1394,1125, 1395,1125, 1396,1125, 1397,1125, 1398,1125, 1399,1125, 1400,1124, 1401,1124, 1402,1124, 1403,1124, 1404,1124, 1405,1124, 1406,1123, 1407,1122, 1408,1121, 1408,1120, 1408,1119, 1408,1118, 1408,1117, 1409,1117, 1410,1117, 1411,1117, 1412,1117, 1413,1117, 1414,1117, 1415,1117, 1416,1117, 1417,1117, 1418,1117, 1419,1117, 1420,1117, 1421,1117, 1422,1117, 1423,1117, 1424,1116, 1425,1116, 1426,1116, 1427,1116, 1428,1116, 1429,1116, 1430,1116, 1431,1116, 1432,1116, 1433,1116, 1434,1116, 1435,1116, 1436,1116, 1437,1116, 1438,1116, 1439,1116, 1440,1116, 1441,1116, 1442,1116, 1443,1116, 1444,1116, 1445,1116, 1446,1117, 1447,1117, 1448,1117, 1449,1117, 1450,1117, 1451,1117, 1452,1117, 1453,1117, 1454,1117, 1455,1117, 1456,1117, 1457,1117, 1458,1118, 1459,1118, 1460,1118, 1461,1118, 1462,1119, 1463,1119, 1464,1119, 1465,1119, 1466,1120, 1467,1120, 1468,1121, 1469,1122, 1470,1122, 1471,1122, 1472,1122, 1473,1123, 1474,1123, 1475,1124, 1475,1125, 1476,1125, 1477,1125, 1478,1125, 1479,1126, 1479,1127, 1479,1128, 1480,1128, 1481,1128, 1482,1128, 1483,1129, 1484,1129, 1485,1130, 1486,1131, 1487,1132, 1488,1133, 1488,1134, 1489,1134, 1490,1134, 1491,1135, 1492,1136, 1493,1137, 1494,1138, 1495,1139, 1495,1140, 1495,1141, 1496,1141, 1497,1142, 1497,1143, 1498,1144, 1499,1145, 1500,1146, 1501,1147, 1501,1148, 1502,1149, 1502,1150, 1503,1151, 1504,1152, 1504,1153, 1505,1154, 1505,1155, 1505,1156, 1505,1157, 1506,1157, 1507,1158, 1507,1159, 1507,1160, 1507,1161, 1508,1162, 1509,1163, 1509,1164, 1509,1165, 1509,1166, 1509,1167, 1509,1168, 1509,1169, 1510,1170, 1510,1171, 1511,1172, 1511,1173, 1511,1174, 1511,1175, 1511,1176, 1511,1177, 1511,1178, 1511,1179, 1511,1180, 1511,1181, 1511,1182, 1511,1183, 1511,1184, 1511,1185, 1511,1185, 1510,1185, 1509,1185, 1508,1185, 1507,1186, 1506,1187, 1506,1188, 1507,1189, 1507,1190, 1507,1191, 1507,1192, 1507,1193, 1507,1194, 1507,1195, 1507,1196, 1507,1197, 1507,1198, 1507,1199, 1507,1200, 1507,1201, 1507,1202, 1507,1203, 1507,1204, 1506,1205, 1506,1206, 1506,1207, 1506,1208, 1506,1209, 1506,1210, 1505,1211, 1505,1212, 1505,1213, 1505,1214, 1504,1215, 1504,1216, 1504,1217, 1504,1218, 1503,1219, 1503,1220, 1502,1221, 1502,1222, 1502,1223, 1501,1224, 1501,1225, 1501,1226, 1501,1227, 1500,1228, 1500,1229, 1500,1230, 1500,1231, 1499,1232, 1499,1233, 1499,1234, 1499,1235, 1498,1236, 1498,1237, 1497,1238, 1497,1239, 1497,1240, 1496,1241, 1496,1242, 1495,1243, 1495,1244, 1494,1245, 1494,1246, 1493,1247, 1493,1248, 1492,1249, 1491,1250, 1491,1251, 1490,1252, 1489,1253, 1489,1254, 1488,1255, 1487,1256, 1486,1257, 1485,1258, 1485,1259, 1484,1260, 1483,1261, 1482,1262, 1481,1263, 1480,1264, 1479,1265, 1478,1266, 1478,1267, 1477,1268, 1476,1269, 1475,1270, 1474,1271, 1473,1271, 1472,1272, 1471,1273, 1470,1274, 1469,1275, 1468,1275, 1467,1276, 1466,1277, 1465,1277, 1464,1278, 1463,1279, 1462,1279, 1461,1280, 1460,1280, 1459,1281, 1458,1281, 1457,1282, 1456,1282, 1455,1283, 1454,1283, 1453,1284, 1452,1284, 1451,1285, 1450,1285, 1449,1285, 1448,1286, 1447,1286, 1446,1287, 1445,1287, 1444,1287, 1443,1288, 1442,1288, 1441,1288, 1440,1288, 1439,1289, 1438,1289, 1437,1290, 1436,1290, 1435,1290, 1434,1291, 1433,1291, 1432,1292, 1431,1292, 1430,1292, 1429,1292, 1428,1293, 1427,1293, 1426,1293, 1425,1293, 1424,1294, 1423,1294, 1422,1294, 1421,1294, 1420,1294, 1419,1294, 1418,1295, 1417,1295, 1416,1295, 1415,1295, 1414,1295, 1413,1295, 1412,1296, 1411,1296, 1410,1296, 1409,1296, 1408,1296, 1407,1296, 1406,1296, 1405,1296, 1404,1296, 1403,1296, 1402,1296, 1401,1296, 1400,1296, 1399,1297, 1398,1297, 1397,1297, 1396,1297, 1395,1297, 1394,1297, 1393,1298, 1392,1298, 1391,1298, 1390,1298, 1389,1298, 1388,1298, 1387,1298, 1386,1298, 1385,1298, 1384,1298, 1383,1298, 1382,1298, 1381,1298, 1380,1298, 1379,1298, 1378,1298, 1377,1298, 1376,1298, 1375,1298, 1374,1297, 1373,1297, 1372,1297, 1371,1297, 1370,1297, 1369,1297, 1368,1296, 1367,1296, 1366,1296, 1365,1296, 1364,1296, 1363,1295, 1362,1295, 1361,1295, 1360,1295, 1359,1294, 1358,1294, 1357,1294, 1356,1293, 1355,1293, 1354,1292, 1353,1292, 1352,1292, 1351,1291, 1350,1291, 1349,1290, 1348,1290, 1347,1289, 1346,1289, 1345,1288, 1344,1288, 1343,1287, 1342,1287, 1341,1286, 1340,1286, 1339,1285, 1338,1284, 1337,1284, 1336,1283, 1335,1282, 1334,1281, 1333,1281, 1332,1280, 1331,1279, 1330,1278, 1329,1277, 1328,1276, 1327,1276, 1326,1275, 1325,1274, 1324,1273, 1323,1272, 1322,1271, 1322,1270, 1321,1269, 1320,1268, 1319,1267, 1318,1266, 1317,1265, 1317,1264, 1316,1263, 1315,1262, 1314,1261, 1314,1260, 1313,1259, 1312,1258, 1312,1257, 1311,1256, 1311,1255, 1310,1254, 1310,1253, 1309,1252, 1309,1251, 1308,1250, 1308,1249, 1307,1248, 1307,1247, 1306,1246, 1306,1245, 1306,1244, 1305,1243, 1305,1242, 1304,1241, 1304,1240, 1304,1239, 1303,1238, 1303,1237, 1303,1236, 1303,1235, 1302,1234, 1302,1233, 1302,1232, 1302,1231, 1302,1230, 1301,1229, 1301,1228, 1301,1227, 1301,1226, 1301,1225, 1301,1224, 1300,1223, 1300,1222, 1300,1221, 1300,1220, 1300,1219, 1300,1218, 1300,1217, 1300,1216, 1300,1215, 1300,1214, 1300,1213, 1300,1212, 1300,1211, 1300,1210, 1300,1209, 1300,1208, 1300,1207, 1300
1,2749, 1260,2748, 1261,2748, 1262,2747, 1263,2746, 1264,2745, 1264,2744, 1264,2743, 1264,2742, 1264,2741, 1264,2740, 1264,2739, 1264,2738, 1264,2737, 1264,2736, 1264,2735, 1264,2734, 1264,2733, 1264,2732, 1264,2731, 1264,2730, 1264,2729, 1264,2728, 1265,2728, 1266,2727, 1267,2726, 1268,2725, 1268,2724, 1268,2723, 1268,2722, 1268,2721, 1268,2720, 1269,2720, 1270,2719, 1271,2718, 1272,2717, 1272,2716, 1272,2715, 1272,2714, 1272,2713, 1272,2712, 1272,2711, 1272,2710, 1272,2709, 1272,2708, 1273,2708, 1274,2707, 1275,2706, 1276,2705, 1276,2704, 1277,2704, 1278,2703, 1279,2702, 1280,2701, 1280,2700, 1281,2700, 1282,2699, 1283,2698, 1284,2697, 1284,2696, 1284,2695, 1284,2694, 1284,2693, 1284,2692, 1285,2692, 1286,2692, 1287,2692, 1288,2692, 1289,2692, 1290,2691, 1291,2690, 1292,2689, 1292,2688, 1293,2688, 1294,2687, 1295,2686, 1296,2685, 1296,2684, 1297,2684, 1298,2684, 1299,2684, 1300,2684, 1301,2684, 1302,2683, 1303,2682, 1304,2681, 1304,2680, 1305,2680, 1306,2680, 1307,2680, 1308,2680, 1309,2680, 1310,2679, 1311,2678, 1312,2677, 1312,2676, 1313,2676, 1314,2676, 1315,2676, 1316,2676, 1317,2676, 1318,2676, 1319,2676, 1320,2676, 1321,2676, 1322,2676, 1323,2676, 1324,2676, 1325,2676, 1326,2675, 1327,2674, 1328,2673, 1328,2672, 1329,2672, 1330,2672, 1331,2672, 1332,2672, 1333,2672, 1334,2672, 1335,2672, 1336,2672, 1337,2672, 1338,2672, 1339,2672, 1340,2672, 1341,2672, 1342,2672, 1343,2672, 1344,2672, 1345,2672, 1346,2672, 1347,2672, 1348,2672, 1349,2672, 1350,2672, 1351,2672, 1352,2672, 1353,2672, 1354,2672, 1355,2672, 1356,2672, 1357,2672, 1358,2672, 1359,2672, 1360,2672, 1361,2672, 1362,2672, 1363,2672, 1364,2672, 1365,2672, 1366,2672, 1367,2672, 1368,2672, 1369,2672, 1370,2672, 1371,2672, 1372,2672, 1373,2672, 1374,2672, 1375,2672, 1376,2672, 1377,2672, 1378,2672, 1379,2672, 1380,2672, 1381,2672, 1382,2673, 1383,2674, 1383,2675, 1384,2676, 1385,2676, 1386,2676, 1387,2676, 1388,2676, 1389,2676, 1390,2677, 1391,2678, 1391,2679, 1392,2680, 1393,2680, 1394,2680, 1395,2680, 1396,2680, 1397,2680, 1398,2680, 1399,2680, 1400,2680, 1401,2680, 1402,2681, 1403,2682, 1403,2683, 1404,2684, 1405,2684, 1406,2685, 1407,2686, 1407,2687, 1408,2688, 1409,2688, 1410,2688, 1411,2688, 1412,2688, 1413,2688, 1414,2689, 1415,2690, 1415,2691, 1416,2692, 1417,2692, 1418,2693, 1419,2694, 1419,2695, 1420,2696, 1421,2696, 1422,2697, 1423,2698, 1423,2699, 1423,2700, 1423,2701, 1423,2702, 1423,2703, 1424,2704, 1425,2704, 1426,2705, 1427,2706, 1427,2707, 1428,2708, 1429,2708, 1430,2709, 1431,2710, 1431,2711, 1432,2712, 1433,2712, 1434,2713, 1435,2714, 1435,2715, 1436,2716, 1437,2716, 1438,2717, 1439,2718, 1439,2719, 1439,2720, 1439,2721, 1439,2722, 1439,2723, 1440,2724, 1441,2724, 1442,2725, 1443,2726, 1443,2727, 1443,2728, 1443,2729, 1443,2730, 1443,2731, 1444,2732, 1445,2732, 1446,2733, 1447,2734, 1447,2735, 1447,2736, 1447,2737, 1447,2738, 1447,2739, 1448,2740, 1449,2740, 1450,2741, 1451,2742, 1451,2743, 1451,2744, 1451,2745, 1451,2746, 1451,2747, 1452,2748, 1453,2748, 1454,2749, 1455,2750, 1455,2751, 1455,2752, 1455,2753, 1455,2754, 1455,2755, 1455,2756, 1455,2757, 1455,2758, 1455,2759, 1456,2760, 1457,2760, 1458,2761, 1459,2762, 1459,2763, 1459,2764, 1459,2765, 1459,2766, 1459,2767, 1460,2768, 1461,2768, 1462,2769, 1463,2770, 1463,2771, 1463,2772, 1463,2773, 1463,2774, 1463,2775, 1462,2775, 1461,2776, 1460,2777, 1459,2778, 1459,2779, 1459,2780, 1459,2781, 1459,2782, 1459,2783, 1460,2784, 1461,2784, 1462,2785, 1463,2786, 1463,2787, 1463,2788, 1463,2789, 1463,2790, 1463,2791, 1462,2791, 1461,2792, 1460,2793, 1459,2794, 1459,2795, 1458,2795, 1457,2796, 1456,2797, 1455,2798, 1455,2799, 1455,2800, 1455,2801, 1455,2802, 1455,2803, 1455,2804, 1455,2805, 1455,2806, 1455,2807, 1455,2808, 1455,2809, 1455,2810, 1455,2811, 1454,2811, 1453,2812, 1452,2813, 1451,2814, 1451,2815, 1450,2815, 1449,2816, 1448,2817, 1447,2818, 1447,2819, 1447,2820, 1447,2821, 1447,2822, 1447,2823, 1446,2823, 1445,2823, 1444,2823, 1443,2823, 1442,2823, 1441,2824, 1440,2825, 1439,2826, 1439,2827, 1439,2828, 1439,2829, 1439,2830, 1439,2831, 1438,2831, 1437,2832, 1436,2833, 1435,2834, 1435,2835, 1434,2835, 1433,2836, 1432,2837, 1431,2838, 1431,2839, 1430,2839, 1429,2839, 1428,2839, 1427,2839, 1426,2839, 1425,2840, 1424,2841, 1423,2842, 1423,2843, 1422,2843, 1421,2844, 1420,2845, 1419,2846, 1419,2847, 1418,2847, 1417,2847, 1416,2847, 1415,2847, 1414,2847, 1413,2848, 1412,2849, 1411,2850, 1411,2851, 1410,2851, 1409,2851, 1408,2851, 1407,2851, 1406,2851, 1405,2851, 1404,2851, 1403,2851, 1402,2851, 1401,2851, 1400,2851, 1399,2851, 1398,2851, 1397,2851, 1396,2851, 1395,2851, 1394,2851, 1393,2851, 1392,2851, 1391,2851, 1390,2851, 1389,2851, 1388,2851, 1387,2851, 1386,2851, 1385,2852, 1384,2853, 1383,2854, 1383,2855, 1382,2855, 1381,2855, 1380,2855, 1379,2855, 1378,2855, 1377,2855, 1376,2855, 1375,2855, 1374,2855, 1373,2855, 1372,2855, 1371,2855, 1370,2855, 1369,2855, 1368,2855, 1367,2855, 1366,2855, 1365,2854, 1364,2853, 1364,2852, 1363,2851, 1362,2851, 1361,2851, 1360,2851, 1359,2851, 1358,2851, 1357,2851, 1356,2851, 1355,2851, 1354,2851, 1353,2852, 1352,2853, 1352,2854, 1351,2855, 1350,2855, 1349,2854, 1348,2853, 1347,2852, 1347,2851, 1346,2851, 1345,2851, 1344,2851, 1343,2851, 1342,2851, 1341,2851, 1340,2851, 1339,2851, 1338,2851, 1337,2851, 1336,2851, 1335,2851, 1334,2851, 1333,2850, 1332,2849, 1332,2848, 1331,2847, 1330,2847, 1329,2847, 1328,2847, 1327,2847, 1326,2847, 1325,2846, 1324,2845, 1324,2844, 1323,2843, 1322,2843, 1321,2843, 1320,2843, 1319,2843, 1318,2843, 1317,2842, 1316,2841, 1316,2840, 1315,2839, 1314,2839, 1313,2839, 1312,2839, 1311,2839, 1310,2839, 1309,2838, 1308,2837, 1308,2836, 1307,2835, 1306,2835, 1305,2834, 1304,2833, 1304,2832, 1303,2831, 1302,2831, 1301,2830, 1300,2829, 1300,2828, 1299,2827, 1298,2827, 1297,2826, 1296,2825, 1296,2824, 1295,2823, 1294,2823, 1293,2823, 1292,2823, 1291,2823, 1290,2823, 1289,2823, 1288,2823, 1287,2823, 1286,2823, 1285,2822, 1284,2821, 1284,2820, 1283,2819, 1282,2819, 1281,2818, 1280,2817, 1280,2816, 1279,2815, 1278,2815, 1277,2814, 1276,2813, 1276,2812, 1276,2811, 1276,2810, 1276,2809, 1276,2808, 1276,2807, 1276,2806, 1276,2805, 1276,2804, 1275,2803, 1274,2803, 1273,2802, 1272,2801, 1272,2800, 1271,2799, 1270,2799, 1269,2798, 1268,2797, 1268,2796, 1268,2795, 1268,2794, 1268,2793, 1268,2792, 1267,2791, 1266,2791, 1265,2790, 1264,2789, 1264,2788, 1264,2787, 1264,2786, 1264,2785, 1265,2784, 1266,2783, 1267,2782, 1268,2781, 1268,2780, 1267,2779, 1266,2778, 1265,2777, 1264,2776, 1264,2775, 1264,2774, 1264,2773, 1264,2772, 1264,2771, 1264,2770, 1264,2769, 1264,2768, 1264,2767, 1264,2766, 1264,2765, 1264,2764, 1264,2763, 1264,2762, 1264,2761, 1264,2760, 1263,2759, 1262,2759, 1261,2758, 1260,2757, 1260,2756, 1260,2755, 1260,2754, 1260,2753, 1260,2752, 1260,2751, 1260,2750, 1260
1,1877, 1192,1876, 1193,1876, 1194,1875, 1195,1874, 1196,1873, 1196,1872, 1196,1871, 1196,1870, 1196,1869, 1196,1868, 1196,1867, 1196,1866, 1196,1865, 1196,1864, 1196,1863, 1196,1862, 1196,1861, 1196,1860, 1197,1860, 1198,1859, 1199,1858, 1200,1857, 1200,1856, 1200,1855, 1200,1854, 1200,1853, 1200,1852, 1200,1851, 1200,1850, 1200,1849, 1200,1848, 1201,1848, 1202,1847, 1203,1846, 1204,1845, 1204,1844, 1204,1843, 1204,1842, 1204,1841, 1204,1840, 1205,1840, 1206,1839, 1207,1838, 1208,1837, 1208,1836, 1209,1836, 1210,1835, 1211,1834, 1212,1833, 1212,1832, 1213,1832, 1214,1831, 1215,1830, 1216,1829, 1216,1828, 1217,1828, 1218,1827, 1219,1826, 1220,1825, 1220,1824, 1221,1824, 1222,1824, 1223,1824, 1224,1824, 1225,1824, 1226,1823, 1227,1822, 1228,1821, 1228,1820, 1229,1820, 1230,1819, 1231,1818, 1232,1817, 1232,1816, 1233,1816, 1234,1815, 1235,1814, 1236,1813, 1236,1812, 1237,1812, 1238,1812, 1239,1812, 1240,1812, 1241,1812, 1242,1812, 1243,1812, 1244,1812, 1245,1812, 1246,1811, 1247,1810, 1248,1809, 1248,1808, 1249,1808, 1250,1808, 1251,1808, 1252,1808, 1253,1808, 1254,1808, 1255,1808, 1256,1808, 1257,1808, 1258,1808, 1259,1808, 1260,1808, 1261,1808, 1262,1808, 1263,1808, 1264,1808, 1265,1808, 1266,1808, 1267,1808, 1268,1808, 1269,1808, 1270,1808, 1271,1808, 1272,1808, 1273,1808, 1274,1808, 1275,1808, 1276,1808, 1277,1808, 1278,1808, 1279,1808, 1280,1808, 1281,1808, 1282,1808, 1283,1808, 1284,1808, 1285,1808, 1286,1808, 1287,1808, 1288,1808, 1289,1808, 1290,1808, 1291,1808, 1292,1808, 1293,1808, 1294,1808, 1295,1808, 1296,1808, 1297,1808, 1298,1809, 1299,1810, 1299,1811, 1300,1812, 1301,1812, 1302,1812, 1303,1812, 1304,1812, 1305,1812, 1306,1812, 1307,1812, 1308,1812, 1309,1812, 1310,1812, 1311,1812, 1312,1812, 1313,1812, 1314,1812, 1315,1812, 1316,1812, 1317,1812, 1318,1813, 1319,1814, 1319,1815, 1320,1816, 1321,1816, 1322,1817, 1323,1818, 1323,1819, 1324,1820, 1325,1820, 1326,1820, 1327,1820, 1328,1820, 1329,1820, 1330,1821, 1331,1822, 1331,1823, 1332,1824, 1333,1824, 1334,1825, 1335,1826, 1335,1827, 1336,1828, 1337,1828, 1338,1829, 1339,1830, 1339,1831, 1340,1832, 1341,1832, 1342,1832, 1343,1832, 1344,1832, 1345,1832, 1346,1833, 1347,1834, 1347,1835, 1347,1836, 1347,1837, 1347,1838, 1347,1839, 1348,1840, 1349,1840, 1350,1841, 1351,1842, 1351,1843, 1351,1844, 1351,1845, 1351,1846, 1351,1847, 1352,1848, 1353,1848, 1354,1848, 1355,1848, 1356,1848, 1357,1848, 1358,1849, 1359,1850, 1359,1851, 1359,1852, 1359,1853, 1359,1854, 1359,1855, 1359,1856, 1359,1857, 1359,1858, 1359,1859, 1360,1860, 1361,1860, 1362,1861, 1363,1862, 1363,1863, 1363,1864, 1363,1865, 1363,1866, 1363,1867, 1364,1868, 1365,1868, 1366,1869, 1367,1870, 1367,1871, 1367,1872, 1367,1873, 1367,1874, 1367,1875, 1367,1876, 1367,1877, 1367,1878, 1367,1879, 1368,1880, 1369,1880, 1370,1881, 1371,1882, 1371,1883, 1371,1884, 1371,1885, 1371,1886, 1371,1887, 1371,1888, 1371,1889, 1371,1890, 1371,1891, 1371,1892, 1371,1893, 1371,1894, 1371,1895, 1371,1896, 1371,1897, 1371,1898, 1371,1899, 1371,1900, 1371,1901, 1371,1902, 1371,1903, 1371,1904, 1371,1905, 1371,1906, 1371,1907, 1371,1908, 1371,1909, 1371,1910, 1371,1911, 1371,1912, 1371,1913, 1371,1914, 1371,1915, 1371,1916, 1371,1917, 1371,1918, 1371,1919, 1371,1920, 1371,1921, 1371,1922, 1371,1923, 1371,1924, 1371,1925, 1371,1926, 1371,1927, 1371,1928, 1371,1929, 1371,1930, 1371,1931, 1371,1932, 1371,1933, 1371,1934, 1371,1935, 1370,1935, 1369,1936, 1368,1937, 1367,1938, 1367,1939, 1367,1940, 1367,1941, 1367,1942, 1367,1943, 1367,1944, 1367,1945, 1367,1946, 1367,1947, 1366,1947, 1365,1948, 1364,1949, 1363,1950, 1363,1951, 1363,1952, 1363,1953, 1363,1954, 1363,1955, 1363,1956, 1363,1957, 1363,1958, 1363,1959, 1362,1959, 1361,1960, 1360,1961, 1359,1962, 1359,1963, 1359,1964, 1359,1965, 1359,1966, 1359,1967, 1358,1967, 1357,1968, 1356,1969, 1355,1970, 1355,1971, 1354,1971, 1353,1971, 1352,1971, 1351,1971, 1350,1971, 1349,1971, 1348,1971, 1347,1971, 1346,1971, 1345,1971, 1344,1971, 1343,1971, 1342,1971, 1341,1971, 1340,1971, 1339,1971, 1338,1971, 1337,1972, 1336,1973, 1335,1974, 1335,1975, 1334,1975, 1333,1975, 1332,1975, 1331,1975, 1330,1975, 1329,1975, 1328,1975, 1327,1975, 1326,1975, 1325,1976, 1324,1977, 1323,1978, 1323,1979, 1322,1979, 1321,1979, 1320,1979, 1319,1979, 1318,1979, 1317,1979, 1316,1979, 1315,1979, 1314,1979, 1313,1979, 1312,1979, 1311,1979, 1310,1979, 1309,1979, 1308,1979, 1307,1979, 1306,1979, 1305,1979, 1304,1979, 1303,1979, 1302,1979, 1301,1979, 1300,1979, 1299,1979, 1298,1979, 1297,1979, 1296,1979, 1295,1979, 1294,1979, 1293,1979, 1292,1979, 1291,1979, 1290,1979, 1289,1979, 1288,1979, 1287,1979, 1286,1979, 1285,1979, 1284,1979, 1283,1979, 1282,1979, 1281,1979, 1280,1979, 1279,1979, 1278,1979, 1277,1978, 1276,1977, 1276,1976, 1275,1975, 1274,1975, 1273,1975, 1272,1975, 1271,1975, 1270,1975, 1269,1975, 1268,1975, 1267,1975, 1266,1975, 1265,1975, 1264,1975, 1263,1975, 1262,1975, 1261,1974, 1260,1973, 1260,1972, 1259,1971, 1258,1971, 1257,1971, 1256,1971, 1255,1971, 1254,1971, 1253,1971, 1252,1971, 1251,1971, 1250,1971, 1249,1970, 1248,1969, 1248,1968, 1247,1967, 1246,1967, 1245,1967, 1244,1967, 1243,1967, 1242,1967, 1241,1966, 1240,1965, 1240,1964, 1239,1963, 1238,1963, 1237,1962, 1236,1961, 1236,1960, 1235,1959, 1234,1959, 1233,1959, 1232,1959, 1231,1959, 1230,1959, 1229,1958, 1228,1957, 1228,1956, 1227,1955, 1226,1955, 1225,1955, 1224,1955, 1223,1955, 1222,1955, 1221,1954, 1220,1953, 1220,1952, 1220,1951, 1220,1950, 1220,1949, 1220,1948, 1219,1947, 1218,1947, 1217,1946, 1216,1945, 1216,1944, 1215,1943, 1214,1943, 1213,1942, 1212,1941, 1212,1940, 1212,1939, 1212,1938, 1212,1937, 1212,1936, 1211,1935, 1210,1935, 1209,1934, 1208,1933, 1208,1932, 1208,1931, 1208,1930, 1208,1929, 1208,1928, 1207,1927, 1206,1927, 1205,1926, 1204,1925, 1204,1924, 1204,1923, 1204,1922, 1204,1921, 1204,1920, 1204,1919, 1204,1918, 1204,1917, 1204,1916, 1203,1915, 1202,1915, 1201,1914, 1200,1913, 1200,1912, 1200,1911, 1200,1910, 1200,1909, 1200,1908, 1199,1907, 1198,1907, 1197,1906, 1196,1905, 1196,1904, 1196,1903, 1196,1902, 1196,1901, 1196,1900, 1195,1899, 1194,1899, 1193,1898, 1192,1897, 1192,1896, 1192,1895, 1192,1894, 1192,1893, 1192,1892, 1192,1891, 1192,1890, 1192,1889, 1192,1888, 1192,1887, 1192,1886, 1192,1885, 1192,1884, 1192,1883, 1192,1882, 1192,1881, 1192,1880, 1192,1879, 1192,1878, 1192
1,441, 1136,440, 1137,440, 1138,439, 1139,438, 1140,437, 1140,436, 1140,435, 1140,434, 1140,433, 1140,432, 1140,431, 1140,430, 1140,429, 1140,428, 1140,427, 1140,426, 1140,425, 1140,424, 1141,424, 1142,423, 1143,422, 1144,421, 1144,420, 1144,419, 1144,418, 1144,417, 1144,416, 1145,416, 1146,415, 1147,414, 1148,413, 1148,412, 1148,411, 1148,410, 1148,409, 1148,408, 1149,408, 1150,407, 1151,406, 1152,405, 1152,404, 1153,404, 1154,403, 1155,402, 1156,401, 1156,400, 1157,400, 1158,399, 1159,398, 1160,397, 1160,396, 1161,396, 1162,395, 1163,394, 1164,393, 1164,392, 1165,392, 1166,391, 1167,390, 1168,389, 1168,388, 1169,388, 1170,388, 1171,388, 1172,388, 1173,388, 1174,387, 1175,386, 1176,385, 1176,384, 1177,384, 1178,384, 1179,384, 1180,384, 1181,384, 1182,383, 1183,382, 1184,381, 1184,380, 1185,380, 1186,379, 1187,378, 1188,377, 1188,376, 1189,376, 1190,376, 1191,376, 1192,376, 1193,376, 1194,375, 1195,374, 1196,373, 1196,372, 1197,372, 1198,371, 1199,370, 1200,369, 1200,368, 1201,368, 1202,368, 1203,368, 1204,368, 1205,368, 1206,368, 1207,368, 1208,368, 1209,368, 1210,367, 1211,366, 1212,365, 1212,364, 1213,364, 1214,364, 1215,364, 1216,364, 1217,364, 1218,364, 1219,364, 1220,364, 1221,364, 1222,364, 1223,364, 1224,364, 1225,364, 1226,364, 1227,364, 1228,364, 1229,364, 1230,364, 1231,364, 1232,364, 1233,364, 1234,364, 1235,364, 1236,364, 1237,364, 1238,364, 1239,364, 1240,364, 1241,364, 1242,363, 1243,362, 1243,361, 1244,360, 1245,360, 1246,361, 1247,362, 1248,363, 1249,364, 1250,364, 1251,364, 1252,364, 1253,364, 1254,364, 1255,364, 1256,364, 1257,364, 1258,364, 1259,364, 1260,364, 1261,364, 1262,365, 1263,366, 1263,367, 1264,368, 1265,368, 1266,368, 1267,368, 1268,368, 1269,368, 1270,369, 1271,370, 1271,371, 1272,372, 1273,372, 1274,372, 1275,372, 1276,372, 1277,372, 1278,372, 1279,372, 1280,372, 1281,372, 1282,373, 1283,374, 1283,375, 1284,376, 1285,376, 1286,377, 1287,378, 1287,379, 1288,380, 1289,380, 1290,380, 1291,380, 1292,380, 1293,380, 1294,381, 1295,382, 1295,383, 1296,384, 1297,384, 1298,385, 1299,386, 1299,387, 1300,388, 1301,388, 1302,389, 1303,390, 1304,391, 1305,392, 1306,393, 1307,394, 1307,395, 1308,396, 1309,396, 1310,397, 1311,398, 1311,399, 1312,400, 1313,400, 1314,400, 1315,400, 1316,400, 1317,400, 1318,401, 1319,402, 1319,403, 1320,404, 1321,404, 1322,405, 1323,406, 1323,407, 1323,408, 1323,409, 1323,410, 1323,411, 1324,412, 1325,412, 1326,413, 1327,414, 1327,415, 1328,416, 1329,416, 1330,416, 1331,416, 1332,416, 1333,416, 1334,417, 1335,418, 1335,419, 1335,420, 1335,421, 1335,422, 1335,423, 1335,424, 1335,425, 1335,426, 1335,427, 1335,428, 1335,429, 1335,430, 1335,431, 1336,432, 1337,432, 1338,433, 1339,434, 1339,435, 1339,436, 1339,437, 1339,438, 1339,439, 1339,440, 1339,441, 1339,442, 1339,443, 1339,444, 1339,445, 1339,446, 1339,447, 1339,448, 1339,449, 1339,450, 1339,451, 1339,452, 1339,453, 1339,454, 1339,455, 1339,456, 1339,457, 1339,458, 1339,459, 1339,460, 1339,461, 1339,462, 1339,463, 1339,464, 1339,465, 1339,466, 1339,467, 1339,468, 1339,469, 1339,470, 1339,471, 1339,472, 1339,473, 1339,474, 1339,475, 1339,476, 1339,477, 1339,478, 1339,479, 1339,480, 1339,481, 1339,482, 1339,483, 1339,484, 1339,485, 1339,486, 1339,487, 1339,488, 1339,489, 1339,490, 1339,491, 1339,492, 1339,493, 1339,494, 1339,495, 1339,496, 1339,497, 1339,498, 1339,499, 1338,499, 1337,500, 1336,501, 1335,502, 1335,503, 1335,504, 1335,505, 1335,506, 1335,507, 1334,507, 1333,508, 1332,509, 1331,510, 1331,511, 1331,512, 1331,513, 1331,514, 1331,515, 1331,516, 1331,517, 1331,518, 1331,519, 1330,519, 1329,520, 1328,521, 1327,522, 1327,523, 1326,523, 1325,523, 1324,523, 1323,523, 1322,523, 1321,524, 1320,525, 1319,526, 1319,527, 1319,528, 1319,529, 1319,530, 1319,531, 1318,531, 1317,531, 1316,531, 1315,531, 1314,531, 1313,532, 1312,533, 1311,534, 1311,535, 1310,535, 1309,536, 1308,537, 1307,538, 1307,539, 1306,539, 1305,540, 1304,541, 1303,542, 1303,543, 1302,543, 1301,544, 1300,545, 1299,546, 1299,547, 1298,547, 1297,548, 1296,549, 1295,550, 1295,551, 1294,551, 1293,551, 1292,551, 1291,551, 1290,551, 1289,551, 1288,551, 1287,551, 1286,551, 1285,552, 1284,553, 1283,554, 1283,555, 1282,555, 1281,556, 1280,557, 1279,558, 1279,559, 1278,559, 1277,559, 1276,559, 1275,559, 1274,559, 1273,559, 1272,559, 1271,559, 1270,559, 1269,560, 1268,561, 1267,562, 1267,563, 1266,563, 1265,563, 1264,563, 1263,563, 1262,563, 1261,564, 1260,565, 1259,566, 1259,567, 1258,567, 1257,567, 1256,567, 1255,567, 1254,567, 1253,567, 1252,567, 1251,567, 1250,567, 1249,567, 1248,567, 1247,567, 1246,567, 1245,567, 1244,567, 1243,567, 1242,567, 1241,568, 1240,569, 1239,570, 1239,571, 1238,571, 1237,571, 1236,571, 1235,571, 1234,571, 1233,570, 1232,569, 1232,568, 1231,567, 1230,567, 1229,567, 1228,567, 1227,567, 1226,567, 1225,567, 1224,567, 1223,567, 1222,567, 1221,567, 1220,567, 1219,567, 1218,567, 1217,567, 1216,567, 1215,567, 1214,567, 1213,567, 1212,567, 1211,567, 1210,567, 1209,566, 1208,565, 1208,564, 1207,563, 1206,563, 1205,563, 1204,563, 1203,563, 1202,563, 1201,563, 1200,563, 1199,563, 1198,563, 1197,562, 1196,561, 1196,560, 1195,559, 1194,559, 1193,559, 1192,559, 1191,559, 1190,559, 1189,558, 1188,557, 1188,556, 1187,555, 1186,555, 1185,555, 1184,555, 1183,555, 1182,555, 1181,554, 1180,553, 1180,552, 1179,551, 1178,551, 1177,551, 1176,551, 1175,551, 1174,551, 1173,550, 1172,549, 1172,548, 1171,547, 1170,547, 1169,546, 1168,545, 1168,544, 1167,543, 1166,543, 1165,542, 1164,541, 1164,540, 1163,539, 1162,539, 1161,538, 1160,537, 1160,536, 1159,535, 1158,535, 1157,534, 1156,533, 1156,532, 1156,531, 1156,530, 1156,529, 1156,528, 1155,527, 1154,527, 1153,526, 1152,525, 1152,524, 1152,523, 1152,522, 1152,521, 1152,520, 1151,519, 1150,519, 1149,518, 1148,517, 1148,516, 1147,515, 1146,515, 1145,514, 1144,513, 1144,512, 1144,511, 1144,510, 1144,509, 1144,508, 1144,507, 1144,506, 1144,505, 1144,504, 1143,503, 1142,503, 1141,502, 1140,501, 1140,500, 1140,499, 1140,498, 1140,497, 1140,496, 1139,495, 1138,495, 1137,494, 1136,493, 1136,492, 1136,491, 1136,490, 1136,489, 1136,488, 1136,487, 1136,486, 1136,485, 1136,484, 1136,483, 1136,482, 1136,481, 1136,480, 1136,479, 1136,478, 1136,477, 1136,476, 1136,475, 1136,474, 1136,473, 1136,472, 1136,471, 1136,470, 1136,469, 1136,468, 1136,467, 1136,466, 1136,465, 1136,464, 1136,463, 1136,462, 1136,461, 1136,460, 1136,459, 1136,458, 1136,457, 1136,456, 1136,455, 1136,454, 1136,453, 1136,452, 1136,451, 1136,450, 1136,449, 1136,448, 1136,447, 1136,446, 1136,445, 1136,444, 1136,443, 1136,442, 1136
1,1383, 1076,1382, 1077,1381, 1077,1380, 1077,1379, 1077,1378, 1077,1377, 1077,1376, 1077,1375, 1077,1374, 1078,1373, 1078,1372, 1078,1371, 1078,1370, 1078,1369, 1079,1368, 1079,1367, 1079,1366, 1079,1365, 1079,1364, 1080,1363, 1080,1362, 1080,1361, 1080,1360, 1081,1359, 1081,1358, 1081,1357, 1082,1356, 1082,1355, 1082,1354, 1083,1353, 1083,1352, 1084,1351, 1084,1350, 1084,1349, 1085,1348, 1085,1347, 1086,1346, 1086,1345, 1086,1344, 1087,1343, 1087,1342, 1088,1341, 1088,1340, 1089,1339, 1089,1338, 1090,1337, 1090,1336, 1091,1335, 1092,1334, 1092,1333, 1093,1332, 1093,1331, 1094,1330, 1095,1329, 1095,1328, 1096,1327, 1097,1326, 1097,1325, 1098,1324, 1099,1323, 1099,1322, 1100,1321, 1101,1320, 1102,1319, 1103,1318, 1104,1317, 1104,1316, 1105,1315, 1106,1314, 1107,1313, 1108,1312, 1109,1311, 1110,1310, 1111,1309, 1112,1308, 1113,1307, 1114,1306, 1115,1306, 1116,1305, 1117,1304, 1118,1303, 1119,1302, 1120,1301, 1121,1301, 1122,1300, 1123,1299, 1124,1299, 1125,1298, 1126,1297, 1127,1297, 1128,1296, 1129,1295, 1130,1295, 1131,1294, 1132,1294, 1133,1293, 1134,1292, 1135,1292, 1136,1291, 1137,1291, 1138,1290, 1139,1290, 1140,1289, 1141,1289, 1142,1288, 1143,1288, 1144,1288, 1145,1287, 1146,1287, 1147,1286, 1148,1286, 1149,1286, 1150,1285, 1151,1285, 1152,1284, 1153,1284, 1154,1284, 1155,1283, 1156,1283, 1157,1283, 1158,1282, 1159,1282, 1160,1282, 1161,1282, 1162,1281, 1163,1281, 1164,1281, 1165,1281, 1166,1281, 1167,1280, 1168,1280, 1169,1280, 1170,1280, 1171,1280, 1172,1279, 1173,1279, 1174,1279, 1175,1279, 1176,1279, 1177,1279, 1178,1279, 1179,1279, 1180,1278, 1181,1278, 1182,1278, 1183,1278, 1184,1278, 1185,1278, 1186,1278, 1187,1278, 1188,1278, 1189,1278, 1190,1278, 1191,1278, 1192,1278, 1193,1278, 1194,1278, 1195,1278, 1196,1278, 1197,1278, 1198,1278, 1199,1278, 1200,1278, 1201,1279, 1202,1279, 1203,1279, 1204,1279, 1205,1279, 1206,1279, 1207,1279, 1208,1279, 1209,1280, 1210,1280, 1211,1280, 1212,1280, 1213,1280, 1214,1281, 1215,1281, 1216,1281, 1217,1281, 1218,1281, 1219,1282, 1220,1282, 1221,1282, 1222,1282, 1223,1283, 1224,1283, 1225,1283, 1226,1284, 1227,1284, 1228,1284, 1229,1285, 1230,1285, 1231,1286, 1232,1286, 1233,1286, 1234,1287, 1235,1287, 1236,1288, 1237,1288, 1238,1288, 1239,1289, 1240,1289, 1241,1290, 1242,1290, 1243,1291, 1244,1291, 1245,1292, 1246,1292, 1247,1293, 1248,1294, 1249,1294, 1250,1295, 1251,1295, 1252,1296, 1253,1297, 1254,1297, 1255,1298, 1256,1299, 1257,1299, 1258,1300, 1259,1301, 1260,1301, 1261,1302, 1262,1303, 1263,1304, 1264,1305, 1265,1306, 1266,1306, 1267,1307, 1268,1308, 1269,1309, 1270,1310, 1271,1311, 1272,1312, 1273,1313, 1274,1314, 1275,1315, 1276,1316, 1277,1317, 1278,1318, 1278,1319, 1279,1320, 1280,1321, 1281,1322, 1282,1323, 1283,1324, 1283,1325, 1284,1326, 1285,1327, 1285,1328, 1286,1329, 1287,1330, 1287,1331, 1288,1332, 1289,1333, 1289,1334, 1290,1335, 1290,1336, 1291,1337, 1292,1338, 1292,1339, 1293,1340, 1293,1341, 1294,1342, 1294,1343, 1295,1344, 1295,1345, 1296,1346, 1296,1347, 1296,1348, 1297,1349, 1297,1350, 1298,1351, 1298,1352, 1298,1353, 1299,1354, 1299,1355, 1300,1356, 1300,1357, 1300,1358, 1301,1359, 1301,1360, 1301,1361, 1302,1362, 1302,1363, 1302,1364, 1302,1365, 1303,1366, 1303,1367, 1303,1368, 1303,1369, 1303,1370, 1304,1371, 1304,1372, 1304,1373, 1304,1374, 1304,1375, 1305,1376, 1305,1377, 1305,1378, 1305,1379, 1305,1380, 1305,1381, 1305,1382, 1305,1383, 1306,1384, 1306,1385, 1306,1386, 1306,1387, 1306,1388, 1306,1389, 1306,1390, 1306,1391, 1306,1392, 1306,1393, 1306,1394, 1306,1395, 1306,1396, 1306,1397, 1306,1398, 1306,1399, 1306,1400, 1306,1401, 1306,1402, 1306,1403, 1306,1404, 1305,1405, 1305,1406, 1305,1407, 1305,1408, 1305,1409, 1305,1410, 1305,1411, 1305,1412, 1304,1413, 1304,1414, 1304,1415, 1304,1416, 1304,1417, 1303,1418, 1303,1419, 1303,1420, 1303,1421, 1303,1422, 1302,1423, 1302,1424, 1302,1425, 1302,1426, 1301,1427, 1301,1428, 1301,1429, 1300,1430, 1300,1431, 1300,1432, 1299,1433, 1299,1434, 1298,1435, 1298,1436, 1298,1437, 1297,1438, 1297,1439, 1296,1440, 1296,1441, 1296,1442, 1295,1443, 1295,1444, 1294,1445, 1294,1446, 1293,1447, 1293,1448, 1292,1449, 1292,1450, 1291,1451, 1290,1452, 1290,1453, 1289,1454, 1289,1455, 1288,1456, 1287,1457, 1287,1458, 1286,1459, 1285,1460, 1285,1461, 1284,1462, 1283,1463, 1283,1464, 1282,1465, 1281,1466, 1280,1467, 1279,1468, 1278,1469, 1278,1470, 1277,1471, 1276,1472, 1275,1473, 1274,1474, 1273,1475, 1272,1476, 1271,1477, 1270,1478, 1269,1479, 1268,1480, 1267,1480, 1266,1481, 1265,1482, 1264,1483, 1263,1484, 1262,1485, 1261,1485, 1260,1486, 1259,1487, 1258,1487, 1257,1488, 1256,1489, 1255,1489, 1254,1490, 1253,1491, 1252,1491, 1251,1492, 1250,1492, 1249,1493, 1248,1494, 1247,1494, 1246,1495, 1245,1495, 1244,1496, 1243,1496, 1242,1497, 1241,1497, 1240,1498, 1239,1498, 1238,1498, 1237,1499, 1236,1499, 1235,1500, 1234,1500, 1233,1500, 1232,1501, 1231,1501, 1230,1502, 1229,1502, 1228,1502, 1227,1503, 1226,1503, 1225,1503, 1224,1504, 1223,1504, 1222,1504, 1221,1504, 1220,1505, 1219,1505, 1218,1505, 1217,1505, 1216,1505, 1215,1506, 1214,1506, 1213,1506, 1212,1506, 1211,1506, 1210,1507, 1209,1507, 1208,1507, 1207,1507, 1206,1507, 1205,1507, 1204,1507, 1203,1507, 1202,1508, 1201,1508, 1200,1508, 1199,1508, 1198,1508, 1197,1508, 1196,1508, 1195,1508, 1194,1508, 1193,1508, 1192,1508, 1191,1508, 1190,1508, 1189,1508, 1188,1508, 1187,1508, 1186,1508, 1185,1508, 1184,1508, 1183,1508, 1182,1508, 1181,1507, 1180,1507, 1179,1507, 1178,1507, 1177,1507, 1176,1507, 1175,1507, 1174,1507, 1173,1506, 1172,1506, 1171,1506, 1170,1506, 1169,1506, 1168,1505, 1167,1505, 1166,1505, 1165,1505, 1164,1505, 1163,1504, 1162,1504, 1161,1504, 1160,1504, 1159,1503, 1158,1503, 1157,1503, 1156,1502, 1155,1502, 1154,1502, 1153,1501, 1152,1501, 1151,1500, 1150,1500, 1149,1500, 1148,1499, 1147,1499, 1146,1498, 1145,1498, 1144,1498, 1143,1497, 1142,1497, 1141,1496, 1140,1496, 1139,1495, 1138,1495, 1137,1494, 1136,1494, 1135,1493, 1134,1492, 1133,1492, 1132,1491, 1131,1491, 1130,1490, 1129,1489, 1128,1489, 1127,1488, 1126,1487, 1125,1487, 1124,1486, 1123,1485, 1122,1485, 1121,1484, 1120,1483, 1119,1482, 1118,1481, 1117,1480, 1116,1480, 1115,1479, 1114,1478, 1113,1477, 1112,1476, 1111,1475, 1110,1474, 1109,1473, 1108,1472, 1107,1471, 1106,1470, 1105,1469, 1104,1468, 1104,1467, 1103,1466, 1102,1465, 1101,1464, 1100,1463, 1099,1462, 1099,1461, 1098,1460, 1097,1459, 1097,1458, 1096,1457, 1095,1456, 1095,1455, 1094,1454, 1093,1453, 1093,1452, 1092,1451, 1092,1450, 1091,1449, 1090,1448, 1090,1447, 1089,1446, 1089,1445, 1088,1444, 1088,1443, 1087,1442, 1087,1441, 1086,1440, 1086,1439, 1086,1438, 1085,1437, 1085,1436, 1084,1435, 1084,1434, 1084,1433, 1083,1432, 1083,1431, 1082,1430, 1082,1429, 1082,1428, 1081,1427, 1081,1426, 1081,1425, 1080,1424, 1080,1423, 1080,1422, 1080,1421, 1079,1420, 1079,1419, 1079,1418, 1079,1417, 1079,1416, 1078,1415, 1078,1414, 1078,1413, 1078,1412, 1078,1411, 1077,1410, 1077,1409, 1077,1408, 1077,1407, 1077,1406, 1077,1405, 1077,1404, 1077,1403, 1076,1402, 1076,1401, 1076,1400, 1076,1399, 1076,1398, 1076,1397, 1076,1396, 1076,1395, 1076,1394, 1076,1393, 1076,1392, 1076,1391, 1076,1390, 1076,1389, 1076,1388, 1076,1387, 1076,1386, 1076,1385, 1076,1384, 1076
1,2631, 1069,2630, 1070,2629, 1070,2628, 1070,2627, 1070,2626, 1070,2625, 1070,2624, 1070,2623, 1071,2622, 1071,2621, 1071,2620, 1071,2619, 1071,2618, 1072,2617, 1072,2616, 1072,2615, 1072,2614, 1073,2613, 1073,2612, 1073,2611, 1074,2610, 1074,2609, 1074,2608, 1075,2607, 1075,2606, 1075,2605, 1076,2604, 1076,2603, 1077,2602, 1077,2601, 1077,2600, 1078,2599, 1079,2598, 1079,2597, 1079,2596, 1080,2595, 1081,2594, 1081,2593, 1082,2592, 1082,2591, 1083,2590, 1083,2589, 1084,2588, 1085,2587, 1085,2586, 1086,2585, 1087,2584, 1088,2583, 1088,2582, 1089,2581, 1090,2580, 1091,2579, 1092,2578, 1092,2577, 1093,2576, 1094,2575, 1095,2574, 1096,2573, 1097,2572, 1098,2571, 1099,2570, 1100,2569, 1101,2569, 1102,2568, 1103,2567, 1104,2566, 1105,2565, 1106,2565, 1107,2564, 1108,2563, 1109,2562, 1110,2562, 1111,2561, 1112,2560, 1113,2560, 1114,2559, 1115,2559, 1116,2558, 1117,2558, 1118,2557, 1119,2556, 1120,2556, 1121,2556, 1122,2555, 1123,2554, 1124,2554, 1125,2554, 1126,2553, 1127,2553, 1128,2552, 1129,2552, 1130,2552, 1131,2551, 1132,2551, 1133,2551, 1134,2550, 1135,2550, 1136,2550, 1137,2549, 1138,2549, 1139,2549, 1140,2549, 1141,2548, 1142,2548, 1143,2548, 1144,2548, 1145,2548, 1146,2547, 1147,2547, 1148,2547, 1149,2547, 1150,2547, 1151,2547, 1152,2547, 1153,2546, 1154,2546, 1155,2546, 1156,2546, 1157,2546, 1158,2546, 1159,2546, 1160,2546, 1161,2546, 1162,2546, 1163,2546, 1164,2546, 1165,2546, 1166,2546, 1167,2546, 1168,2546, 1169,2546, 1170,2546, 1171,2546, 1172,2546, 1173,2547, 1174,2547, 1175,2547, 1176,2547, 1177,2547, 1178,2547, 1179,2547, 1180,2548, 1181,2548, 1182,2548, 1183,2548, 1184,2548, 1185,2549, 1186,2549, 1187,2549, 1188,2549, 1189,2550, 1190,2550, 1191,2550, 1192,2551, 1193,2551, 1194,2551, 1195,2552, 1196,2552, 1197,2552, 1198,2553, 1199,2553, 1200,2554, 1201,2554, 1202,2554, 1203,2555, 1204,2556, 1205,2556, 1206,2556, 1207,2557, 1208,2558, 1209,2558, 1210,2559, 1211,2559, 1212,2560, 1213,2560, 1214,2561, 1215,2562, 1216,2562, 1217,2563, 1218,2564, 1219,2565, 1220,2565, 1221,2566, 1222,2567, 1223,2568, 1224,2569, 1225,2569, 1226,2570, 1227,2571, 1228,2572, 1229,2573, 1230,2574, 1231,2575, 1232,2576, 1233,2577, 1234,2578, 1235,2579, 1235,2580, 1236,2581, 1237,2582, 1238,2583, 1239,2584, 1239,2585, 1240,2586, 1241,2587, 1242,2588, 1242,2589, 1243,2590, 1244,2591, 1244,2592, 1245,2593, 1245,2594, 1246,2595, 1246,2596, 1247,2597, 1248,2598, 1248,2599, 1248,2600, 1249,2601, 1250,2602, 1250,2603, 1250,2604, 1251,2605, 1251,2606, 1252,2607, 1252,2608, 1252,2609, 1253,2610, 1253,2611, 1253,2612, 1254,2613, 1254,2614, 1254,2615, 1255,2616, 1255,2617, 1255,2618, 1255,2619, 1256,2620, 1256,2621, 1256,2622, 1256,2623, 1256,2624, 1257,2625, 1257,2626, 1257,2627, 1257,2628, 1257,2629, 1257,2630, 1257,2631, 1258,2632, 1258,2633, 1258,2634, 1258,2635, 1258,2636, 1258,2637, 1258,2638, 1258,2639, 1258,2640, 1258,2641, 1258,2642, 1258,2643, 1258,2644, 1258,2645, 1258,2646, 1258,2647, 1258,2648, 1258,2649, 1258,2650, 1258,2651, 1257,2652, 1257,2653, 1257,2654, 1257,2655, 1257,2656, 1257,2657, 1257,2658, 1256,2659, 1256,2660, 1256,2661, 1256,2662, 1256,2663, 1255,2664, 1255,2665, 1255,2666, 1255,2667, 1254,2668, 1254,2669, 1254,2670, 1253,2671, 1253,2672, 1253,2673, 1252,2674, 1252,2675, 1252,2676, 1251,2677, 1251,2678, 1250,2679, 1250,2680, 1250,2681, 1249,2682, 1248,2683, 1248,2684, 1248,2685, 1247,2686, 1246,2687, 1246,2688, 1245,2689, 1245,2690, 1244,2691, 1244,2692, 1243,2693, 1242,2694, 1242,2695, 1241,2696, 1240,2697, 1239,2698, 1239,2699, 1238,2700, 1237,2701, 1236,2702, 1235,2703, 1235,2704, 1234,2705, 1233,2706, 1232,2707, 1231,2708, 1230,2709, 1229,2710, 1228,2711, 1227,2712, 1226,2712, 1225,2713, 1224,2714, 1223,2715, 1222,2716, 1221,2716, 1220,2717, 1219,2718, 1218,2719, 1217,2719, 1216,2720, 1215,2721, 1214,2721, 1213,2722, 1212,2722, 1211,2723, 1210,2723, 1209,2724, 1208,2725, 1207,2725, 1206,2725, 1205,2726, 1204,2727, 1203,2727, 1202,2727, 1201,2728, 1200,2728, 1199,2729, 1198,2729, 1197,2729, 1196,2730, 1195,2730, 1194,2730, 1193,2731, 1192,2731, 1191,2731, 1190,2732, 1189,2732, 1188,2732, 1187,2732, 1186,2733, 1185,2733, 1184,2733, 1183,2733, 1182,2733, 1181,2734, 1180,2734, 1179,2734, 1178,2734, 1177,2734, 1176,2734, 1175,2734, 1174,2735, 1173,2735, 1172,2735, 1171,2735, 1170,2735, 1169,2735, 1168,2735, 1167,2735, 1166,2735, 1165,2735, 1164,2735, 1163,2735, 1162,2735, 1161,2735, 1160,2735, 1159,2735, 1158,2735, 1157,2735, 1156,2735, 1155,2735, 1154,2734, 1153,2734, 1152,2734, 1151,2734, 1150,2734, 1149,2734, 1148,2734, 1147,2733, 1146,2733, 1145,2733, 1144,2733, 1143,2733, 1142,2732, 1141,2732, 1140,2732, 1139,2732, 1138,2731, 1137,2731, 1136,2731, 1135,2730, 1134,2730, 1133,2730, 1132,2729, 1131,2729, 1130,2729, 1129,2728, 1128,2728, 1127,2727, 1126,2727, 1125,2727, 1124,2726, 1123,2725, 1122,2725, 1121,2725, 1120,2724, 1119,2723, 1118,2723, 1117,2722, 1116,2722, 1115,2721, 1114,2721, 1113,2720, 1112,2719, 1111,2719, 1110,2718, 1109,2717, 1108,2716, 1107,2716, 1106,2715, 1105,2714, 1104,2713, 1103,2712, 1102,2712, 1101,2711, 1100,2710, 1099,2709, 1098,2708, 1097,2707, 1096,2706, 1095,2705, 1094,2704, 1093,2703, 1092,2702, 1092,2701, 1091,2700, 1090,2699, 1089,2698, 1088,2697, 1088,2696, 1087,2695, 1086,2694, 1085,2693, 1085,2692, 1084,2691, 1083,2690, 1083,2689, 1082,2688, 1082,2687, 1081,2686, 1081,2685, 1080,2684, 1079,2683, 1079,2682, 1079,2681, 1078,2680, 1077,2679, 1077,2678, 1077,2677, 1076,2676, 1076,2675, 1075,2674, 1075,2673, 1075,2672, 1074,2671, 1074,2670, 1074,2669, 1073,2668, 1073,2667, 1073,2666, 1072,2665, 1072,2664, 1072,2663, 1072,2662, 1071,2661, 1071,2660, 1071,2659, 1071,2658, 1071,2657, 1070,2656, 1070,2655, 1070,2654, 1070,2653, 1070,2652, 1070,2651, 1070,2650, 1069,2649, 1069,2648, 1069,2647, 1069,2646, 1069,2645, 1069,2644, 1069,2643, 1069,2642, 1069,2641, 1069,2640, 1069,2639, 1069,2638, 1069,2637, 1069,2636, 1069,2635, 1069,2634, 1069,2633, 1069,2632, 1069
1,145, 976,144, 977,144, 978,143, 979,142, 980,141, 980,140, 980,139, 980,138, 980,137, 980,136, 980,135, 980,134, 980,133, 980,132, 980,131, 980,130, 980,129, 980,128, 980,127, 980,126, 980,125, 980,124, 981,124, 982,123, 983,122, 984,121, 984,120, 984,119, 984,118, 984,117, 984,116, 984,115, 984,114, 984,113, 984,112, 985,112, 986,111, 987,110, 988,109, 988,108, 988,107, 988,106, 988,105, 988,104, 989,104, 990,103, 991,102, 992,101, 992,100, 993,100, 994,99, 995,98, 996,97, 996,96, 996,95, 996,94, 996,93, 996,92, 997,92, 998,91, 999,90, 1000,89, 1000,88, 1000,87, 1000,86, 1000,85, 1000,84, 1001,84, 1002,83, 1003,82, 1004,81, 1004,80, 1005,80, 1006,79, 1007,78, 1008,77, 1008,76, 1009,76, 1010,75, 1011,74, 1012,73, 1012,72, 1012,71, 1012,70, 1012,69, 1012,68, 1013,68, 1014,67, 1015,66, 1016,65, 1016,64, 1017,64, 1018,64, 1019,64, 1020,64, 1021,64, 1022,63, 1023,62, 1024,61, 1024,60, 1024,59, 1024,58, 1024,57, 1024,56, 1025,56, 1026,55, 1027,54, 1028,53, 1028,52, 1029,52, 1030,51, 1031,50, 1032,49, 1032,48, 1033,48, 1034,47, 1035,46, 1036,45, 1036,44, 1037,44, 1038,44, 1039,44, 1040,44, 1041,44, 1042,43, 1043,42, 1044,41, 1044,40, 1045,40, 1046,40, 1047,40, 1048,40, 1049,40, 1050,39, 1051,38, 1052,37, 1052,36, 1053,36, 1054,36, 1055,36, 1056,36, 1057,36, 1058,36, 1059,36, 1060,36, 1061,36, 1062,35, 1063,34, 1064,33, 1064,32, 1065,32, 1066,32, 1067,32, 1068,32, 1069,32, 1070,32, 1071,32, 1072,32, 1073,32, 1074,32, 1075,32, 1076,32, 1077,32, 1078,32, 1079,32, 1080,32, 1081,32, 1082,32, 1083,32, 1084,32, 1085,32, 1086,31, 1087,30, 1087,29, 1088,28, 1089,29, 1090,29, 1091,30, 1091,31, 1092,32, 1093,32, 1094,31, 1095,30, 1096,29, 1097,28, 1098,28, 1099,28, 1100,28, 1101,28, 1102,28, 1103,28, 1104,28, 1105,28, 1106,28, 1107,28, 1108,28, 1109,29, 1110,30, 1111,31, 1112,32, 1113,31, 1114,31, 1115,30, 1116,29, 1116,29, 1117,28, 1118,29, 1119,30, 1119,31, 1119,32, 1119,33, 1119,34, 1119,35, 1120,36, 1121,36, 1122,36, 1123,36, 1124,36, 1125,36, 1126,37, 1127,38, 1127,39, 1128,40, 1129,40, 1130,41, 1131,42, 1131,43, 1132,44, 1133,44, 1134,45, 1135,46, 1135,47, 1136,48, 1137,48, 1138,49, 1139,50, 1139,51, 1140,52, 1141,52, 1142,53, 1143,54, 1143,55, 1143,56, 1143,57, 1143,58, 1143,59, 1144,60, 1145,60, 1146,61, 1147,62, 1147,63, 1148,64, 1149,64, 1150,65, 1151,66, 1151,67, 1151,68, 1151,69, 1151,70, 1151,71, 1152,72, 1153,72, 1154,73, 1155,74, 1155,75, 1155,76, 1155,77, 1155,78, 1155,79, 1155,80, 1155,81, 1155,82, 1155,83, 1156,84, 1157,84, 1158,85, 1159,86, 1159,87, 1160,88, 1161,88, 1162,89, 1163,90, 1163,91, 1163,92, 1163,93, 1163,94, 1163,95, 1164,96, 1165,96, 1166,97, 1167,98, 1167,99, 1167,100, 1167,101, 1167,102, 1167,103, 1167,104, 1167,105, 1167,106, 1167,107, 1167,108, 1167,109, 1167,110, 1166,111, 1165,112, 1164,113, 1163,114, 1164,115, 1164,116, 1165,116, 1166,117, 1166,118, 1166,119, 1166,119, 1165,120, 1164,121, 1164,122, 1163,123, 1164,124, 1165,125, 1166,126, 1167,127, 1167,128, 1167,129, 1167,130, 1167,131, 1166,131, 1165,132, 1164,133, 1163,134, 1163,135, 1163,136, 1163,137, 1163,138, 1163,139, 1163,140, 1163,141, 1163,142, 1163,143, 1163,144, 1163,145, 1163,146, 1163,147, 1163,148, 1163,149, 1163,150, 1163,151, 1163,152, 1163,153, 1163,154, 1163,155, 1162,155, 1161,156, 1160,157, 1159,158, 1159,159, 1159,160, 1159,161, 1159,162, 1160,163, 1161,164, 1162,165, 1163,166, 1163,167, 1162,168, 1161,169, 1160,170, 1159,171, 1159,172, 1159,173, 1159,174, 1159,175, 1159,176, 1159,177, 1159,178, 1159,179, 1158,179, 1157,180, 1156,181, 1155,182, 1155,183, 1154,183, 1153,184, 1152,185, 1151,186, 1151,187, 1151,188, 1151,189, 1151,190, 1151,191, 1151,192, 1151,193, 1151,194, 1151,195, 1151,196, 1151,197, 1151,198, 1151,199, 1150,199, 1149,199, 1148,199, 1147,199, 1146,199, 1145,200, 1144,201, 1143,202, 1143,203, 1143,204, 1143,205, 1143,206, 1143,207, 1142,207, 1141,208, 1140,209, 1139,210, 1139,211, 1138,211, 1137,212, 1136,213, 1135,214, 1135,215, 1134,215, 1133,216, 1132,217, 1131,218, 1131,219, 1130,219, 1129,220, 1128,221, 1127,222, 1127,223, 1127,224, 1127,225, 1127,226, 1127,227, 1126,227, 1125,227, 1124,227, 1123,227, 1122,227, 1121,228, 1120,229, 1119,230, 1119,231, 1118,231, 1117,232, 1116,233, 1115,234, 1115,235, 1114,235, 1113,235, 1112,235, 1111,235, 1110,235, 1109,236, 1108,237, 1107,238, 1107,239, 1106,239, 1105,239, 1104,239, 1103,239, 1102,239, 1101,239, 1100,239, 1099,239, 1098,239, 1097,240, 1096,241, 1095,242, 1095,243, 1094,243, 1093,243, 1092,243, 1091,243, 1090,243, 1089,244, 1088,245, 1087,246, 1087,247, 1086,247, 1085,247, 1084,247, 1083,247, 1082,247, 1081,247, 1080,247, 1079,247, 1078,247, 1077,247, 1076,247, 1075,247, 1074,247, 1073,247, 1072,247, 1071,247, 1070,247, 1069,247, 1068,247, 1067,247, 1066,247, 1065,246, 1064,245, 1064,244, 1063,243, 1062,243, 1061,243, 1060,243, 1059,243, 1058,243, 1057,243, 1056,243, 1055,243, 1054,243, 1053,243, 1052,243, 1051,243, 1050,243, 1049,243, 1048,243, 1047,243, 1046,243, 1045,243, 1044,243, 1043,243, 1042,243, 1041,242, 1040,241, 1040,240, 1039,239, 1038,239, 1037,239, 1036,239, 1035,239, 1034,239, 1033,239, 1032,239, 1031,239, 1030,239, 1029,238, 1028,237, 1028,236, 1027,235, 1026,235, 1025,235, 1024,235, 1023,235, 1022,235, 1021,234, 1020,233, 1020,232, 1019,231, 1018,231, 1017,230, 1016,229, 1016,228, 1015,227, 1014,227, 1013,227, 1012,227, 1011,227, 1010,227, 1009,226, 1008,225, 1008,224, 1007,223, 1006,223, 1005,222, 1004,221, 1004,220, 1004,219, 1004,218, 1004,217, 1004,216, 1003,215, 1002,215, 1001,215, 1000,215, 999,215, 998,215, 997,214, 996,213, 996,212, 996,211, 996,210, 996,209, 996,208, 995,207, 994,207, 993,206, 992,205, 992,204, 992,203, 992,202, 992,201, 992,200, 991,199, 990,199, 989,198, 988,197, 988,196, 988,195, 988,194, 988,193, 988,192, 987,191, 986,191, 985,190, 984,189, 984,188, 984,187, 984,186, 984,185, 984,184, 984,183, 984,182, 984,181, 984,180, 983,179, 982,179, 981,178, 980,177, 980,176, 980,175, 980,174, 980,173, 980,172, 980,171, 980,170, 980,169, 980,168, 980,167, 980,166, 980,165, 980,164, 980,163, 980,162, 980,161, 980,160, 979,159, 978,159, 977,158, 976,157, 976,156, 976,155, 976,154, 976,153, 976,152, 976,151, 976,150, 976,149, 976,148, 976,147, 976,146, 976
1,669, 872,668, 873,668, 874,667, 875,666, 876,665, 876,664, 876,663, 876,662, 876,661, 876,660, 876,659, 876,658, 876,657, 876,656, 876,655, 876,654, 876,653, 876,652, 877,652, 878,651, 879,650, 880,649, 880,648, 880,647, 880,646, 880,645, 880,644, 881,644, 882,643, 883,642, 884,641, 884,640, 885,640, 886,639, 887,638, 888,637, 888,636, 889,636, 890,635, 891,634, 892,633, 892,632, 893,632, 894,631, 895,630, 896,629, 896,628, 896,627, 896,626, 896,625, 896,624, 897,624, 898,624, 899,624, 900,624, 901,624, 902,623, 903,622, 904,621, 904,620, 905,620, 906,619, 907,618, 908,617, 908,616, 909,616, 910,615, 911,614, 912,613, 912,612, 913,612, 914,612, 915,612, 916,612, 917,612, 918,611, 919,610, 920,609, 920,608, 921,608, 922,608, 923,608, 924,608, 925,608, 926,608, 927,608, 928,608, 929,608, 930,608, 931,608, 932,608, 933,608, 934,607, 935,606, 936,605, 936,604, 937,604, 938,604, 939,604, 940,604, 941,604, 942,604, 943,604, 944,604, 945,604, 946,604, 947,604, 948,604, 949,604, 950,604, 951,604, 952,604, 953,604, 954,604, 955,604, 956,604, 957,604, 958,604, 959,604, 960,604, 961,604, 962,604, 963,604, 964,604, 965,604, 966,604, 967,604, 968,604, 969,604, 970,604, 971,604, 972,604, 973,604, 974,605, 975,606, 975,607, 976,608, 977,608, 978,608, 979,608, 980,608, 981,608, 982,608, 983,608, 984,608, 985,608, 986,608, 987,608, 988,608, 989,608, 990,609, 991,610, 991,611, 992,612, 993,612, 994,612, 995,612, 996,612, 997,612, 998,613, 999,614, 999,615, 1000,616, 1001,616, 1002,616, 1003,616, 1004,616, 1005,616, 1006,617, 1007,618, 1007,619, 1008,620, 1009,620, 1010,621, 1011,622, 1011,623, 1012,624, 1013,624, 1014,625, 1015,626, 1015,627, 1016,628, 1017,628, 1018,628, 1019,628, 1020,628, 1021,628, 1022,629, 1023,630, 1023,631, 1024,632, 1025,632, 1026,633, 1027,634, 1027,635, 1028,636, 1029,636, 1030,637, 1031,638, 1031,639, 1031,640, 1031,641, 1031,642, 1031,643, 1032,644, 1033,644, 1034,645, 1035,646, 1035,647, 1036,648, 1037,648, 1038,649, 1039,650, 1039,651, 1039,652, 1039,653, 1039,654, 1039,655, 1040,656, 1041,656, 1042,657, 1043,658, 1043,659, 1044,660, 1045,660, 1046,661, 1047,662, 1047,663, 1047,664, 1047,665, 1047,666, 1047,667, 1048,668, 1049,668, 1050,669, 1051,670, 1051,671, 1051,672, 1051,673, 1051,674, 1051,675, 1051,676, 1051,677, 1051,678, 1051,679, 1052,680, 1053,680, 1054,681, 1055,682, 1055,683, 1055,684, 1055,685, 1055,686, 1055,687, 1055,688, 1055,689, 1055,690, 1055,691, 1056,692, 1057,692, 1058,693, 1059,694, 1059,695, 1059,696, 1059,697, 1059,698, 1059,699, 1059,700, 1059,701, 1059,702, 1059,703, 1059,704, 1059,705, 1059,706, 1059,707, 1059,708, 1059,709, 1059,710, 1059,711, 1059,712, 1059,713, 1059,714, 1059,715, 1059,716, 1059,717, 1059,718, 1059,719, 1059,720, 1059,721, 1059,722, 1059,723, 1059,724, 1059,725, 1059,726, 1059,727, 1058,727, 1057,728, 1056,729, 1055,730, 1055,731, 1055,732, 1055,733, 1055,734, 1055,735, 1054,735, 1053,736, 1052,737, 1051,738, 1051,739, 1051,740, 1051,741, 1051,742, 1051,743, 1051,744, 1051,745, 1051,746, 1051,747, 1050,747, 1049,748, 1048,749, 1047,750, 1047,751, 1047,752, 1047,753, 1047,754, 1047,755, 1046,755, 1045,756, 1044,757, 1043,758, 1043,759, 1043,760, 1043,761, 1043,762, 1043,763, 1042,763, 1041,764, 1040,765, 1039,766, 1039,767, 1038,767, 1037,768, 1036,769, 1035,770, 1035,771, 1034,771, 1033,772, 1032,773, 1031,774, 1031,775, 1030,775, 1029,775, 1028,775, 1027,775, 1026,775, 1025,776, 1024,777, 1023,778, 1023,779, 1022,779, 1021,779, 1020,779, 1019,779, 1018,779, 1017,780, 1016,781, 1015,782, 1015,783, 1014,783, 1013,784, 1012,785, 1011,786, 1011,787, 1010,787, 1009,787, 1008,787, 1007,787, 1006,787, 1005,787, 1004,787, 1003,787, 1002,787, 1001,787, 1000,787, 999,787, 998,787, 997,787, 996,787, 995,787, 994,787, 993,788, 992,789, 991,790, 991,791, 990,791, 989,791, 988,791, 987,791, 986,791, 985,791, 984,791, 983,791, 982,791, 981,791, 980,791, 979,791, 978,791, 977,791, 976,791, 975,791, 974,791, 973,791, 972,791, 971,791, 970,791, 969,791, 968,791, 967,791, 966,791, 965,791, 964,791, 963,791, 962,791, 961,791, 960,791, 959,791, 958,791, 957,791, 956,791, 955,791, 954,791, 953,791, 952,791, 951,791, 950,791, 949,791, 948,791, 947,791, 946,791, 945,791, 944,791, 943,791, 942,791, 941,790, 940,789, 940,788, 939,787, 938,787, 937,787, 936,787, 935,787, 934,787, 933,787, 932,787, 931,787, 930,787, 929,786, 928,785, 928,784, 927,783, 926,783, 925,782, 924,781, 924,780, 923,779, 922,779, 921,779, 920,779, 919,779, 918,779, 917,778, 916,777, 916,776, 915,775, 914,775, 913,775, 912,775, 911,775, 910,775, 909,774, 908,773, 908,772, 907,771, 906,771, 905,770, 904,769, 904,768, 903,767, 902,767, 901,766, 900,765, 900,764, 899,763, 898,763, 897,762, 896,761, 896,760, 895,759, 894,759, 893,758, 892,757, 892,756, 891,755, 890,755, 889,754, 888,753, 888,752, 888,751, 888,750, 888,749, 888,748, 887,747, 886,747, 885,746, 884,745, 884,744, 883,743, 882,743, 881,742, 880,741, 880,740, 880,739, 880,738, 880,737, 880,736, 879,735, 878,735, 877,734, 876,733, 876,732, 876,731, 876,730, 876,729, 876,728, 876,727, 876,726, 876,725, 876,724, 876,723, 876,722, 876,721, 876,720, 875,719, 874,719, 873,718, 872,717, 872,716, 872,715, 872,714, 872,713, 872,712, 872,711, 872,710, 872,709, 872,708, 872,707, 872,706, 872,705, 872,704, 872,703, 872,702, 872,701, 872,700, 872,699, 872,698, 872,697, 872,696, 872,695, 872,694, 872,693, 872,692, 872,691, 872,690, 872,689, 872,688, 872,687, 872,686, 872,685, 872,684, 872,683, 872,682, 872,681, 872,680, 872,679, 872,678, 872,677, 872,676, 872,675, 872,674, 872,673, 872,672, 872,671, 872,670, 872
1,1685, 776,1684, 777,1684, 778,1683, 779,1682, 780,1681, 780,1680, 780,1679, 780,1678, 780,1677, 780,1676, 780,1675, 780,1674, 780,1673, 780,1672, 781,1672, 782,1671, 783,1670, 784,1669, 784,1668, 784,1667, 784,1666, 784,1665, 784,1664, 785,1664, 786,1663, 787,1662, 788,1661, 788,1660, 788,1659, 788,1658, 788,1657, 788,1656, 789,1656, 790,1655, 791,1654, 792,1653, 792,1652, 792,1651, 792,1650, 792,1649, 792,1648, 793,1648, 794,1647, 795,1646, 796,1645, 796,1644, 797,1644, 798,1643, 799,1642, 800,1641, 800,1640, 801,1640, 802,1639, 803,1638, 804,1637, 804,1636, 805,1636, 806,1635, 807,1634, 808,1633, 808,1632, 809,1632, 810,1631, 811,1630, 812,1629, 812,1628, 813,1628, 814,1628, 815,1628, 816,1628, 817,1628, 818,1627, 819,1626, 820,1625, 820,1624, 821,1624, 822,1623, 823,1622, 824,1621, 824,1620, 825,1620, 826,1619, 827,1618, 828,1617, 828,1616, 829,1616, 830,1615, 831,1614, 832,1613, 832,1612, 833,1612, 834,1612, 835,1612, 836,1612, 837,1612, 838,1612, 839,1612, 840,1612, 841,1612, 842,1612, 843,1612, 844,1612, 845,1612, 846,1612, 847,1612, 848,1612, 849,1612, 850,1611, 851,1610, 852,1609, 852,1608, 853,1608, 854,1608, 855,1608, 856,1608, 857,1608, 858,1608, 859,1608, 860,1608, 861,1608, 862,1608, 863,1608, 864,1608, 865,1608, 866,1608, 867,1608, 868,1608, 869,1608, 870,1608, 871,1608, 872,1608, 873,1608, 874,1608, 875,1608, 876,1608, 877,1608, 878,1608, 879,1608, 880,1608, 881,1608, 882,1608, 883,1608, 884,1608, 885,1608, 886,1609, 887,1610, 887,1611, 888,1612, 889,1612, 890,1612, 891,1612, 892,1612, 893,1612, 894,1612, 895,1612, 896,1612, 897,1612, 898,1613, 899,1614, 899,1615, 900,1616, 901,1616, 902,1617, 902,1618, 903,1619, 904,1620, 905,1620, 906,1619, 907,1618, 908,1617, 908,1617, 909,1616, 910,1617, 911,1618, 912,1619, 913,1620, 914,1620, 915,1620, 916,1620, 917,1620, 918,1621, 919,1622, 919,1623, 920,1624, 921,1624, 922,1625, 923,1626, 923,1627, 924,1628, 925,1628, 926,1629, 927,1630, 927,1631, 928,1632, 929,1632, 930,1633, 931,1634, 931,1635, 932,1636, 933,1636, 934,1637, 935,1638, 935,1639, 936,1640, 937,1640, 938,1641, 939,1642, 939,1643, 940,1644, 941,1644, 942,1645, 943,1646, 943,1647, 943,1648, 943,1649, 943,1650, 943,1651, 944,1652, 945,1652, 946,1653, 947,1654, 947,1655, 947,1656, 947,1657, 947,1658, 947,1659, 948,1660, 949,1660, 950,1661, 951,1662, 951,1663, 951,1664, 951,1665, 951,1666, 951,1667, 951,1668, 951,1669, 951,1670, 951,1671, 951,1672, 951,1673, 951,1674, 951,1675, 951,1676, 951,1677, 951,1678, 951,1679, 951,1680, 951,1681, 951,1682, 951,1683, 951,1684, 951,1685, 951,1686, 951,1687, 951,1688, 951,1689, 951,1690, 951,1691, 951,1692, 951,1693, 951,1694, 951,1695, 950,1695, 949,1696, 948,1697, 947,1698, 947,1699, 947,1700, 947,1701, 947,1702, 947,1703, 947,1704, 947,1705, 947,1706, 947,1707, 947,1708, 947,1709, 947,1710, 947,1711, 947,1712, 947,1713, 947,1714, 947,1715, 946,1715, 945,1716, 944,1717, 943,1718, 943,1719, 943,1720, 943,1721, 943,1722, 943,1723, 943,1724, 943,1725, 943,1726, 943,1727, 943,1728, 943,1729, 943,1730, 943,1731, 942,1731, 941,1732, 940,1733, 939,1734, 939,1735, 939,1736, 939,1737, 939,1738, 939,1739, 938,1739, 937,1740, 936,1741, 935,1742, 935,1743, 935,1744, 935,1745, 935,1746, 935,1747, 934,1747, 933,1748, 932,1749, 931,1750, 931,1751, 931,1752, 931,1753, 931,1754, 931,1755, 930,1755, 929,1756, 928,1757, 927,1758, 927,1759, 926,1759, 925,1760, 924,1761, 923,1762, 923,1763, 923,1764, 923,1765, 923,1766, 923,1767, 922,1767, 921,1768, 920,1769, 919,1770, 919,1771, 918,1771, 917,1772, 916,1773, 915,1774, 915,1775, 914,1775, 913,1775, 912,1775, 911,1775, 910,1775, 909,1776, 908,1777, 907,1778, 907,1779, 906,1779, 905,1780, 904,1781, 903,1782, 903,1783, 902,1783, 901,1783, 900,1783, 899,1783, 898,1783, 897,1783, 896,1783, 895,1783, 894,1783, 893,1784, 892,1785, 891,1786, 891,1787, 890,1787, 889,1787, 888,1787, 887,1787, 886,1787, 885,1787, 884,1787, 883,1787, 882,1787, 881,1788, 880,1789, 879,1790, 879,1791, 878,1791, 877,1791, 876,1791, 875,1791, 874,1791, 873,1791, 872,1791, 871,1791, 870,1791, 869,1791, 868,1791, 867,1791, 866,1791, 865,1791, 864,1791, 863,1791, 862,1791, 861,1791, 860,1791, 859,1791, 858,1791, 857,1791, 856,1791, 855,1791, 854,1791, 853,1791, 852,1791, 851,1791, 850,1791, 849,1791, 848,1791, 847,1791, 846,1791, 845,1791, 844,1791, 843,1791, 842,1791, 841,1791, 840,1791, 839,1791, 838,1791, 837,1790, 836,1789, 836,1788, 835,1787, 834,1787, 833,1787, 832,1787, 831,1787, 830,1787, 829,1787, 828,1787, 827,1787, 826,1787, 825,1786, 824,1785, 824,1784, 824,1783, 824,1782, 824,1781, 824,1780, 823,1779, 822,1779, 821,1779, 820,1779, 819,1779, 818,1779, 817,1778, 816,1777, 816,1776, 815,1775, 814,1775, 813,1775, 812,1775, 811,1775, 810,1775, 809,1774, 808,1773, 808,1772, 807,1771, 806,1771, 805,1770, 804,1769, 804,1768, 803,1767, 802,1767, 801,1766, 800,1765, 800,1764, 799,1763, 798,1763, 797,1762, 796,1761, 796,1760, 795,1759, 794,1759, 793,1758, 792,1757, 792,1756, 792,1755, 792,1754, 792,1753, 792,1752, 791,1751, 790,1751, 789,1750, 788,1749, 788,1748, 787,1747, 786,1747, 785,1746, 784,1745, 784,1744, 784,1743, 784,1742, 784,1741, 784,1740, 784,1739, 784,1738, 784,1737, 784,1736, 784,1735, 784,1734, 784,1733, 784,1732, 783,1731, 782,1731, 781,1730, 780,1729, 780,1728, 780,1727, 780,1726, 780,1725, 780,1724, 779,1723, 778,1723, 777,1722, 776,1721, 776,1720, 776,1719, 776,1718, 776,1717, 776,1716, 776,1715, 776,1714, 776,1713, 776,1712, 777,1712, 778,1711, 779,1710, 780,1709, 780,1708, 780,1707, 780,1706, 780,1705, 780,1704, 780,1703, 780,1702, 780,1701, 780,1700, 779,1699, 778,1699, 777,1698, 776,1697, 776,1696, 776,1695, 776,1694, 776,1693, 776,1692, 776,1691, 776,1690, 776,1689, 776,1688, 776,1687, 776,1686, 776
1,265, 764,264, 765,264, 766,263, 767,262, 768,261, 768,260, 768,259, 768,258, 768,257, 768,256, 768,255, 768,254, 768,253, 768,252, 768,251, 768,250, 768,249, 768,248, 768,247, 768,246, 768,245, 768,244, 768,243, 768,242, 768,241, 768,240, 768,239, 768,238, 768,237, 768,236, 769,236, 770,235, 771,234, 772,233, 772,232, 772,231, 772,230, 772,229, 772,228, 772,227, 772,226, 772,225, 772,224, 773,224, 774,223, 775,222, 776,221, 776,220, 776,219, 776,218, 776,217, 776,216, 777,216, 778,215, 779,214, 780,213, 780,212, 780,211, 780,210, 780,209, 780,208, 781,208, 782,207, 783,206, 784,205, 784,204, 784,203, 784,202, 784,201, 784,200, 785,200, 786,199, 787,198, 788,197, 788,196, 788,195, 788,194, 788,193, 788,192, 789,192, 790,191, 791,190, 792,189, 792,188, 793,188, 794,188, 795,188, 796,188, 797,188, 798,187, 799,186, 800,185, 800,184, 800,183, 800,182, 800,181, 800,180, 801,180, 802,179, 803,178, 804,177, 804,176, 805,176, 806,175, 807,174, 808,173, 808,172, 809,172, 810,172, 811,172, 812,172, 813,172, 814,171, 815,170, 816,169, 816,168, 817,168, 818,168, 819,168, 820,168, 821,168, 822,167, 823,166, 824,165, 824,164, 825,164, 826,164, 827,164, 828,164, 829,164, 830,163, 831,162, 832,161, 832,160, 833,160, 834,160, 835,160, 836,160, 837,160, 838,159, 839,158, 840,157, 840,156, 841,156, 842,156, 843,156, 844,156, 845,156, 846,156, 847,156, 848,156, 849,156, 850,156, 851,156, 852,156, 853,156, 854,155, 855,154, 856,153, 856,152, 857,152, 858,152, 859,152, 860,152, 861,152, 862,152, 863,152, 864,152, 865,152, 866,152, 867,152, 868,152, 869,152, 870,152, 871,152, 872,152, 873,153, 874,154, 875,155, 876,156, 877,156, 878,155, 879,154, 880,153, 881,152, 881,152, 882,152, 883,152, 884,152, 885,152, 886,153, 887,154, 887,155, 888,156, 889,156, 890,156, 891,156, 892,156, 893,156, 894,156, 895,156, 896,156, 897,156, 898,156, 899,156, 900,156, 901,156, 902,157, 903,158, 903,159, 904,160, 905,160, 906,160, 907,160, 908,160, 909,160, 910,161, 911,162, 911,163, 912,164, 913,164, 914,164, 915,164, 916,164, 917,164, 918,164, 919,164, 920,164, 921,164, 922,165, 923,166, 923,167, 924,168, 925,168, 926,169, 927,170, 927,171, 928,172, 929,172, 930,173, 931,174, 931,175, 932,176, 933,176, 934,177, 935,178, 935,179, 935,180, 935,181, 935,182, 935,183, 935,184, 935,185, 935,186, 935,187, 936,188, 937,188, 938,189, 939,190, 939,191, 940,192, 941,192, 942,193, 943,194, 943,195, 944,196, 945,196, 946,197, 947,198, 947,199, 947,200, 947,201, 947,202, 947,203, 947,204, 947,205, 947,206, 947,207, 948,208, 949,208, 950,209, 951,210, 951,211, 951,212, 951,213, 951,214, 951,215, 951,216, 951,217, 951,218, 951,219, 951,220, 951,221, 951,222, 951,223, 952,224, 953,224, 954,225, 955,226, 955,227, 955,228, 955,229, 955,230, 955,231, 955,232, 955,233, 955,234, 955,235, 956,236, 957,236, 958,237, 959,238, 959,239, 959,240, 959,241, 959,242, 959,243, 959,244, 959,245, 959,246, 959,247, 959,248, 959,249, 959,250, 959,251, 959,252, 959,253, 959,254, 959,255, 959,256, 959,257, 959,258, 959,259, 959,260, 959,261, 959,262, 959,263, 959,264, 959,265, 959,266, 959,267, 958,267, 957,268, 956,269, 955,270, 955,271, 955,272, 955,273, 955,274, 955,275, 955,276, 955,277, 955,278, 955,279, 955,280, 955,281, 955,282, 955,283, 954,283, 953,284, 952,285, 951,286, 951,287, 951,288, 951,289, 951,290, 951,291, 950,291, 949,292, 948,293, 947,294, 947,295, 947,296, 947,297, 947,298, 947,299, 946,299, 945,300, 944,301, 943,302, 943,303, 942,303, 941,304, 940,305, 939,306, 939,307, 939,308, 939,309, 939,310, 939,311, 938,311, 937,312, 936,313, 935,314, 935,315, 934,315, 933,316, 932,317, 931,318, 931,319, 931,320, 931,321, 931,322, 931,323, 930,323, 929,324, 928,325, 927,326, 927,327, 926,327, 925,328, 924,329, 923,330, 923,331, 922,331, 921,332, 920,333, 919,334, 919,335, 918,335, 917,335, 916,335, 915,335, 914,335, 913,335, 912,335, 911,335, 910,335, 909,336, 908,337, 907,338, 907,339, 907,340, 907,341, 907,342, 907,343, 906,343, 905,343, 904,343, 903,343, 902,343, 901,344, 900,345, 899,346, 899,347, 898,347, 897,347, 896,347, 895,347, 894,347, 893,347, 892,347, 891,347, 890,347, 889,347, 888,347, 887,347, 886,347, 885,348, 884,349, 883,350, 883,351, 882,351, 881,351, 880,351, 879,351, 878,351, 877,351, 876,351, 875,351, 874,351, 873,351, 872,351, 871,351, 870,351, 869,351, 868,351, 867,351, 866,351, 865,351, 864,351, 863,351, 862,351, 861,351, 860,351, 859,351, 858,351, 857,351, 856,351, 855,351, 854,351, 853,351, 852,351, 851,351, 850,351, 849,351, 848,351, 847,351, 846,351, 845,351, 844,351, 843,351, 842,351, 841,350, 840,349, 840,348, 839,347, 838,347, 837,347, 836,347, 835,347, 834,347, 833,347, 832,347, 831,347, 830,347, 829,346, 828,345, 828,344, 827,343, 826,343, 825,343, 824,343, 823,343, 822,343, 821,342, 820,341, 820,340, 819,339, 818,339, 817,339, 816,339, 815,339, 814,339, 813,339, 812,339, 811,339, 810,339, 809,338, 808,337, 808,336, 807,335, 806,335, 805,335, 804,335, 803,335, 802,335, 801,334, 800,333, 800,332, 799,331, 798,331, 797,330, 796,329, 796,328, 795,327, 794,327, 793,326, 792,325, 792,324, 792,323, 792,322, 792,321, 792,320, 791,319, 790,319, 789,318, 788,317, 788,316, 787,315, 786,315, 785,314, 784,313, 784,312, 783,311, 782,311, 781,310, 780,309, 780,308, 780,307, 780,306, 780,305, 780,304, 779,303, 778,303, 777,303, 776,303, 775,303, 774,303, 773,302, 772,301, 772,300, 772,299, 772,298, 772,297, 772,296, 772,295, 772,294, 772,293, 772,292, 771,291, 770,291, 769,290, 768,289, 768,288, 768,287, 768,286, 768,285, 767,284, 766,283, 765,282, 764,281, 764,280, 765,279, 766,278, 767,277, 768,276, 768,275, 768,274, 768,273, 768,272, 767,271, 766,271, 765,270, 764,269, 764,268, 764,267, 764,266, 764
1,1061, 664,1060, 665,1060, 666,1059, 667,1058, 668,1057, 668,1056, 668,1055, 668,1054, 668,1053, 668,1052, 668,1051, 668,1050, 668,1049, 668,1048, 668,1047, 668,1046, 668,1045, 668,1044, 669,1044, 670,1043, 671,1042, 672,1041, 672,1040, 672,1039, 672,1038, 672,1037, 672,1036, 673,1036, 674,1035, 675,1034, 676,1033, 676,1032, 677,1031, 678,1030, 679,1029, 680,1028, 681,1028, 682,1027, 683,1026, 684,1025, 684,1024, 684,1023, 684,1022, 684,1021, 684,1020, 685,1020, 686,1019, 687,1018, 688,1017, 688,1016, 689,1016, 690,1015, 691,1014, 692,1013, 692,1012, 693,1012, 694,1011, 695,1010, 696,1009, 696,1008, 697,1008, 698,1007, 699,1006, 700,1005, 700,1004, 701,1004, 702,1003, 703,1002, 704,1001, 704,1000, 705,1000, 706,999, 707,998, 708,997, 708,996, 709,996, 710,996, 711,996, 712,996, 713,996, 714,995, 715,994, 716,993, 716,992, 717,992, 718,992, 719,992, 720,992, 721,992, 722,991, 723,990, 724,989, 724,988, 725,988, 726,988, 727,988, 728,988, 729,988, 730,988, 731,988, 732,988, 733,988, 734,988, 735,988, 736,988, 737,988, 738,987, 739,986, 740,985, 740,984, 741,984, 742,984, 743,984, 744,984, 745,984, 746,984, 747,984, 748,984, 749,984, 750,984, 751,984, 752,984, 753,984, 754,984, 755,984, 756,984, 757,984, 758,984, 759,984, 760,984, 761,984, 762,984, 763,984, 764,984, 765,984, 766,984, 767,984, 768,984, 769,984, 770,984, 771,984, 772,984, 773,984, 774,984, 775,984, 776,984, 777,984, 778,985, 779,986, 779,987, 780,988, 781,988, 782,988, 783,988, 784,988, 785,988, 786,988, 787,988, 788,988, 789,988, 790,988, 791,988, 792,988, 793,988, 794,989, 795,990, 795,991, 796,992, 797,992, 798,993, 799,994, 799,995, 800,996, 801,996, 802,996, 803,996, 804,996, 805,996, 806,996, 807,996, 808,996, 809,996, 810,997, 811,998, 811,999, 812,1000, 813,1000, 814,1001, 815,1002, 815,1003, 816,1004, 817,1004, 818,1004, 819,1004, 820,1004, 821,1004, 822,1005, 823,1006, 823,1007, 824,1008, 825,1008, 826,1009, 827,1010, 827,1011, 828,1012, 829,1012, 830,1013, 831,1014, 831,1015, 832,1016, 833,1016, 834,1017, 835,1018, 835,1019, 836,1020, 837,1020, 838,1021, 839,1022, 839,1023, 839,1024, 839,1025, 839,1026, 839,1027, 840,1028, 841,1028, 842,1029, 843,1030, 843,1031, 843,1032, 843,1033, 843,1034, 843,1035, 844,1036, 845,1036, 846,1037, 847,1038, 847,1039, 847,1040, 847,1041, 847,1042, 847,1043, 847,1044, 847,1045, 847,1046, 847,1047, 848,1048, 849,1048, 850,1049, 851,1050, 851,1051, 851,1052, 851,1053, 851,1054, 851,1055, 851,1056, 851,1057, 851,1058, 851,1059, 852,1060, 853,1060, 854,1061, 855,1062, 855,1063, 855,1064, 855,1065, 855,1066, 855,1067, 855,1068, 855,1069, 855,1070, 855,1071, 855,1072, 855,1073, 855,1074, 855,1075, 856,1076, 857,1076, 858,1077, 859,1078, 859,1079, 859,1080, 859,1081, 859,1082, 859,1083, 859,1084, 859,1085, 859,1086, 860,1087, 861,1088, 862,1089, 863,1090, 863,1091, 862,1092, 861,1093, 860,1094, 859,1095, 859,1096, 859,1097, 859,1098, 859,1099, 859,1100, 859,1101, 859,1102, 859,1103, 858,1103, 857,1104, 856,1105, 855,1106, 855,1107, 854,1107, 853,1108, 852,1109, 851,1110, 851,1111, 851,1112, 851,1113, 851,1114, 851,1115, 850,1115, 849,1116, 848,1117, 847,1118, 847,1119, 846,1119, 845,1120, 844,1121, 843,1122, 843,1123, 842,1123, 841,1124, 840,1125, 839,1126, 839,1127, 838,1127, 837,1128, 836,1129, 835,1130, 835,1131, 834,1131, 833,1132, 832,1133, 831,1134, 831,1135, 830,1135, 829,1135, 828,1135, 827,1135, 826,1135, 825,1135, 824,1135, 823,1135, 822,1135, 821,1136, 820,1137, 819,1138, 819,1139, 818,1139, 817,1140, 816,1141, 815,1142, 815,1143, 814,1143, 813,1144, 812,1145, 811,1146, 811,1147, 810,1147, 809,1147, 808,1147, 807,1147, 806,1147, 805,1147, 804,1147, 803,1147, 802,1147, 801,1148, 800,1149, 799,1150, 799,1151, 798,1151, 797,1151, 796,1151, 795,1151, 794,1151, 793,1151, 792,1151, 791,1151, 790,1151, 789,1151, 788,1151, 787,1151, 786,1151, 785,1151, 784,1151, 783,1151, 782,1151, 781,1151, 780,1151, 779,1151, 778,1151, 777,1152, 776,1153, 775,1154, 775,1155, 774,1155, 773,1155, 772,1155, 771,1155, 770,1155, 769,1155, 768,1155, 767,1155, 766,1155, 765,1155, 764,1155, 763,1155, 762,1155, 761,1155, 760,1155, 759,1155, 758,1155, 757,1155, 756,1155, 755,1155, 754,1155, 753,1155, 752,1155, 751,1155, 750,1155, 749,1155, 748,1155, 747,1155, 746,1155, 745,1155, 744,1155, 743,1155, 742,1155, 741,1155, 740,1155, 739,1155, 738,1155, 737,1155, 736,1155, 735,1155, 734,1155, 733,1155, 732,1155, 731,1155, 730,1155, 729,1154, 728,1153, 728,1152, 727,1151, 726,1151, 725,1151, 724,1151, 723,1151, 722,1151, 721,1151, 720,1151, 719,1151, 718,1151, 717,1150, 716,1149, 716,1148, 715,1147, 714,1147, 713,1147, 712,1147, 711,1147, 710,1147, 709,1146, 708,1145, 708,1144, 707,1143, 706,1143, 705,1142, 704,1141, 704,1140, 703,1139, 702,1139, 701,1139, 700,1139, 699,1139, 698,1139, 697,1138, 696,1137, 696,1136, 696,1135, 696,1134, 696,1133, 696,1132, 695,1131, 694,1131, 693,1131, 692,1131, 691,1131, 690,1131, 689,1130, 688,1129, 688,1128, 687,1127, 686,1127, 685,1126, 684,1125, 684,1124, 683,1123, 682,1123, 681,1122, 680,1121, 680,1120, 680,1119, 680,1118, 680,1117, 680,1116, 679,1115, 678,1115, 677,1114, 676,1113, 676,1112, 675,1111, 674,1111, 673,1110, 672,1109, 672,1108, 672,1107, 672,1106, 672,1105, 672,1104, 671,1103, 670,1103, 669,1102, 668,1101, 668,1100, 668,1099, 668,1098, 668,1097, 668,1096, 668,1095, 668,1094, 668,1093, 668,1092, 667,1091, 666,1091, 665,1090, 664,1089, 664,1088, 664,1087, 664,1086, 664,1085, 664,1084, 664,1083, 664,1082, 664,1081, 664,1080, 664,1079, 664,1078, 664,1077, 664,1076, 664,1075, 664,1074, 664,1073, 664,1072, 664,1071, 664,1070, 664,1069, 664,1068, 664,1067, 664,1066, 664,1065, 664,1064, 664,1063, 664,1062, 664
1,2441, 600,2440, 601,2440, 602,2439, 603,2438, 604,2437, 604,2436, 604,2435, 604,2434, 604,2433, 604,2432, 605,2432, 606,2431, 607,2430, 608,2429, 608,2428, 608,2427, 608,2426, 608,2425, 608,2424, 609,2424, 610,2423, 611,2422, 612,2421, 612,2420, 613,2420, 614,2419, 615,2418, 616,2417, 616,2416, 617,2416, 618,2415, 619,2414, 620,2413, 620,2412, 621,2412, 622,2412, 623,2412, 624,2412, 625,2412, 626,2411, 627,2410, 628,2409, 628,2408, 629,2408, 630,2408, 631,2408, 632,2408, 633,2408, 634,2407, 635,2406, 636,2405, 636,2404, 637,2404, 638,2403, 639,2402, 640,2401, 640,2400, 641,2400, 642,2400, 643,2400, 644,2400, 645,2400, 646,2399, 647,2398, 648,2397, 648,2396, 649,2396, 650,2396, 651,2396, 652,2396, 653,2396, 654,2396, 655,2396, 656,2396, 657,2396, 658,2395, 659,2394, 660,2393, 660,2392, 661,2392, 662,2392, 663,2392, 664,2392, 665,2392, 666,2392, 667,2392, 668,2392, 669,2392, 670,2392, 671,2392, 672,2392, 673,2392, 674,2392, 675,2392, 676,2392, 677,2392, 678,2392, 679,2392, 680,2392, 681,2392, 682,2392, 683,2392, 684,2392, 685,2392, 686,2392, 687,2392, 688,2392, 689,2392, 690,2392, 691,2392, 692,2392, 693,2392, 694,2392, 695,2392, 696,2392, 697,2392, 698,2393, 699,2394, 699,2395, 700,2396, 701,2396, 702,2396, 703,2396, 704,2396, 705,2396, 706,2396, 707,2396, 708,2396, 709,2396, 710,2396, 711,2396, 712,2396, 713,2396, 714,2397, 715,2398, 715,2399, 716,2400, 717,2400, 718,2400, 719,2400, 720,2400, 721,2400, 722,2401, 723,2402, 723,2403, 724,2404, 725,2404, 726,2405, 727,2406, 728,2407, 729,2408, 730,2409, 731,2410, 731,2411, 732,2412, 733,2412, 734,2412, 735,2412, 736,2412, 737,2412, 738,2413, 739,2414, 739,2415, 740,2416, 741,2416, 742,2417, 743,2418, 743,2419, 743,2420, 743,2421, 743,2422, 743,2423, 744,2424, 745,2424, 746,2425, 747,2426, 747,2427, 747,2428, 747,2429, 747,2430, 747,2431, 748,2432, 749,2432, 750,2433, 751,2434, 751,2435, 751,2436, 751,2437, 751,2438, 751,2439, 751,2440, 751,2441, 751,2442, 751,2443, 752,2444, 753,2444, 754,2445, 755,2446, 755,2447, 755,2448, 755,2449, 755,2450, 755,2451, 756,2452, 757,2452, 758,2453, 759,2454, 759,2455, 759,2456, 759,2457, 759,2458, 759,2459, 759,2460, 759,2461, 759,2462, 759,2463, 759,2464, 759,2465, 759,2466, 759,2467, 760,2468, 761,2468, 762,2469, 763,2470, 763,2471, 763,2472, 763,2473, 763,2474, 763,2475, 763,2476, 763,2477, 763,2478, 763,2479, 763,2480, 763,2481, 763,2482, 763,2483, 763,2484, 763,2485, 763,2486, 763,2487, 763,2488, 763,2489, 763,2490, 763,2491, 763,2492, 763,2493, 763,2494, 763,2495, 763,2496, 763,2497, 763,2498, 763,2499, 763,2500, 763,2501, 763,2502, 763,2503, 763,2504, 763,2505, 763,2506, 763,2507, 763,2508, 763,2509, 763,2510, 763,2511, 762,2511, 761,2512, 760,2513, 759,2514, 759,2515, 759,2516, 759,2517, 759,2518, 759,2519, 758,2519, 757,2520, 756,2521, 755,2522, 755,2523, 755,2524, 755,2525, 755,2526, 755,2527, 755,2528, 755,2529, 755,2530, 755,2531, 754,2531, 753,2531, 752,2531, 751,2531, 750,2531, 749,2532, 748,2533, 747,2534, 747,2535, 746,2535, 745,2536, 744,2537, 743,2538, 743,2539, 742,2539, 741,2540, 740,2541, 739,2542, 739,2543, 738,2543, 737,2544, 736,2545, 735,2546, 735,2547, 734,2547, 733,2548, 732,2549, 731,2550, 731,2551, 730,2551, 729,2551, 728,2551, 727,2551, 726,2551, 725,2551, 724,2551, 723,2551, 722,2551, 721,2551, 720,2551, 719,2551, 718,2551, 717,2552, 716,2553, 715,2554, 715,2555, 714,2555, 713,2555, 712,2555, 711,2555, 710,2555, 709,2555, 708,2555, 707,2555, 706,2555, 705,2555, 704,2555, 703,2555, 702,2555, 701,2556, 700,2557, 699,2558, 699,2559, 698,2559, 697,2559, 696,2559, 695,2559, 694,2559, 693,2559, 692,2559, 691,2559, 690,2559, 689,2559, 688,2559, 687,2559, 686,2559, 685,2559, 684,2559, 683,2559, 682,2559, 681,2559, 680,2559, 679,2559, 678,2559, 677,2559, 676,2559, 675,2559, 674,2559, 673,2559, 672,2559, 671,2559, 670,2559, 669,2558, 668,2557, 668,2556, 667,2555, 666,2555, 665,2555, 664,2555, 663,2555, 662,2555, 661,2554, 660,2553, 660,2552, 659,2551, 658,2551, 657,2551, 656,2551, 655,2551, 654,2551, 653,2550, 652,2549, 652,2548, 651,2547, 650,2547, 649,2546, 648,2545, 648,2544, 647,2543, 646,2543, 645,2543, 644,2543, 643,2543, 642,2543, 641,2542, 640,2541, 640,2540, 639,2539, 638,2539, 637,2538, 636,2537, 636,2536, 635,2535, 634,2535, 633,2534, 632,2533, 632,2532, 631,2531, 630,2531, 629,2530, 628,2529, 628,2528, 627,2527, 626,2527, 625,2526, 624,2525, 624,2524, 623,2523, 622,2523, 621,2522, 620,2521, 620,2520, 619,2519, 618,2519, 617,2518, 616,2517, 616,2516, 615,2515, 614,2515, 613,2515, 612,2515, 611,2515, 610,2515, 609,2514, 608,2513, 608,2512, 608,2511, 608,2510, 608,2509, 608,2508, 608,2507, 608,2506, 608,2505, 608,2504, 607,2503, 606,2503, 605,2502, 604,2501, 604,2500, 603,2499, 602,2499, 601,2498, 600,2497, 600,2496, 600,2495, 600,2494, 600,2493, 600,2492, 600,2491, 600,2490, 600,2489, 600,2488, 600,2487, 600,2486, 600,2485, 600,2484, 600,2483, 600,2482, 600,2481, 600,2480, 600,2479, 600,2478, 600,2477, 600,2476, 600,2475, 600,2474, 600,2473, 600,2472, 600,2471, 600,2470, 600,2469, 600,2468, 600,2467, 600,2466, 600,2465, 600,2464, 600,2463, 600,2462, 600,2461, 600,2460, 600,2459, 600,2458, 600,2457, 600,2456, 600,2455, 600,2454, 600,2453, 600,2452, 600,2451, 600,2450, 600,2449, 600,2448, 600,2447, 600,2446, 600,2445, 600,2444, 600,2443, 600,2442, 600
1,693, 564,692, 565,691, 566,690, 567,689, 568,688, 568,687, 568,686, 568,685, 568,684, 568,683, 568,682, 568,681, 568,680, 569,680, 570,679, 571,678, 572,677, 572,676, 573,676, 574,675, 575,674, 576,673, 576,672, 577,672, 578,671, 579,670, 580,669, 580,668, 580,667, 580,666, 580,665, 580,664, 581,664, 582,663, 583,662, 584,661, 584,660, 585,660, 586,659, 587,658, 588,657, 588,656, 589,656, 590,655, 591,654, 592,653, 592,652, 593,652, 594,651, 595,650, 595,649, 596,648, 597,648, 598,647, 599,646, 600,645, 600,644, 601,644, 602,643, 603,642, 604,641, 604,640, 605,640, 606,640, 607,640, 608,640, 609,640, 610,640, 611,640, 612,640, 613,640, 614,639, 615,638, 616,637, 616,636, 617,636, 618,636, 619,636, 620,636, 621,636, 622,636, 623,636, 624,636, 625,636, 626,635, 627,634, 628,633, 628,632, 629,632, 630,632, 631,632, 632,632, 633,632, 634,632, 635,632, 636,632, 637,632, 638,632, 639,632, 640,632, 641,632, 642,632, 643,632, 644,632, 645,632, 646,632, 647,632, 648,632, 649,632, 650,632, 651,632, 652,632, 653,632, 654,631, 655,630, 656,629, 656,628, 657,628, 658,628, 659,628, 660,628, 661,628, 662,628, 663,628, 664,628, 665,628, 666,628, 667,628, 668,628, 669,628, 670,628, 671,628, 672,628, 673,628, 674,628, 675,628, 676,628, 677,628, 678,628, 679,628, 680,628, 681,628, 682,628, 683,628, 684,628, 685,628, 686,629, 687,630, 687,631, 688,632, 689,632, 690,632, 691,632, 692,632, 693,632, 694,632, 695,632, 696,632, 697,632, 698,632, 699,632, 700,632, 701,632, 702,632, 703,632, 704,632, 705,632, 706,632, 707,632, 708,632, 709,632, 710,633, 711,634, 711,635, 712,636, 713,636, 714,636, 715,636, 716,636, 717,636, 718,637, 719,638, 719,639, 720,640, 721,640, 722,641, 723,642, 723,643, 724,644, 725,644, 726,644, 727,644, 728,644, 729,644, 730,645, 731,646, 731,647, 732,648, 733,648, 734,648, 735,648, 736,648, 737,648, 738,649, 739,650, 739,651, 740,652, 741,652, 742,653, 743,654, 743,655, 744,656, 745,656, 746,657, 747,658, 747,659, 748,660, 749,660, 750,661, 751,662, 751,663, 752,664, 753,664, 754,664, 755,664, 756,664, 757,664, 758,664, 759,664, 760,664, 761,664, 762,665, 763,666, 763,667, 764,668, 765,668, 766,669, 767,670, 767,671, 768,672, 769,672, 770,673, 771,674, 771,675, 771,676, 771,677, 771,678, 771,679, 772,680, 773,680, 774,681, 775,682, 775,683, 776,684, 777,684, 778,685, 779,686, 779,687, 780,688, 781,688, 782,689, 783,690, 783,691, 783,692, 783,693, 783,694, 783,695, 783,696, 783,697, 783,698, 783,699, 783,700, 783,701, 783,702, 783,703, 784,704, 785,704, 786,705, 787,706, 787,707, 787,708, 787,709, 787,710, 787,711, 787,712, 787,713, 787,714, 787,715, 786,715, 785,716, 784,717, 783,718, 783,719, 783,720, 783,721, 783,722, 783,723, 782,723, 781,724, 780,725, 779,726, 779,727, 779,728, 779,729, 779,730, 779,731, 779,732, 779,733, 779,734, 779,735, 778,735, 777,736, 776,737, 775,738, 775,739, 775,740, 775,741, 775,742, 775,743, 774,743, 773,744, 772,745, 771,746, 771,747, 771,748, 771,749, 771,750, 771,751, 770,751, 769,752, 768,753, 767,754, 767,755, 766,755, 765,756, 764,757, 763,758, 763,759, 763,760, 763,761, 763,762, 763,763, 762,763, 761,764, 760,765, 759,766, 759,767, 758,767, 757,768, 756,769, 755,770, 755,771, 755,772, 755,773, 755,774, 755,775, 754,775, 753,776, 752,777, 751,778, 751,779, 750,779, 749,780, 748,781, 747,782, 747,783, 746,783, 745,784, 744,785, 743,786, 743,787, 742,787, 741,788, 740,789, 739,790, 739,791, 738,791, 737,792, 736,793, 735,794, 735,795, 734,795, 733,796, 732,797, 731,798, 731,799, 730,799, 729,800, 728,801, 727,802, 727,803, 726,803, 725,804, 724,805, 723,806, 723,807, 722,807, 721,808, 720,809, 719,810, 719,811, 718,811, 717,811, 716,811, 715,811, 714,811, 713,812, 712,813, 711,814, 711,815, 710,815, 709,816, 708,817, 707,818, 707,819, 706,819, 705,819, 704,819, 703,819, 702,819, 701,820, 700,821, 699,822, 699,823, 698,823, 697,824, 696,825, 695,826, 695,827, 694,827, 693,827, 692,827, 691,827, 690,827, 689,828, 688,829, 687,830, 687,831, 686,831, 685,831, 684,831, 683,831, 682,831, 681,832, 680,833, 679,834, 679,835, 678,835, 677,835, 676,835, 675,835, 674,835, 673,835, 672,835, 671,835, 670,835, 669,835, 668,835, 667,835, 666,835, 665,835, 664,835, 663,835, 662,834, 661,833, 660,832, 659,831, 658,832, 657,832, 656,833, 655,834, 655,834, 654,835, 653,834, 652,833, 651,832, 650,831, 649,831, 648,831, 647,831, 646,831, 645,830, 644,829, 644,828, 643,827, 642,827, 641,827, 640,827, 639,827, 638,827, 637,826, 636,825, 636,824, 635,823, 634,823, 633,822, 632,821, 632,820, 631,819, 630,819, 629,818, 628,817, 628,816, 627,815, 626,815, 625,814, 624,813, 624,812, 623,811, 622,811, 621,810, 620,809, 620,808, 619,807, 618,807, 617,806, 616,805, 616,804, 615,803, 614,803, 613,802, 612,801, 612,800, 612,799, 612,798, 612,797, 612,796, 611,795, 610,795, 609,794, 608,793, 608,792, 607,791, 606,791, 605,790, 604,789, 604,788, 603,787, 602,787, 601,786, 600,785, 600,784, 599,783, 598,783, 597,782, 596,781, 596,780, 596,779, 596,778, 596,777, 596,776, 595,775, 594,775, 593,775, 592,775, 591,775, 590,775, 589,774, 588,773, 588,772, 588,771, 588,770, 588,769, 588,768, 587,767, 586,767, 585,766, 584,765, 584,764, 583,763, 582,763, 581,762, 580,761, 580,760, 580,759, 580,758, 580,757, 580,756, 579,755, 578,755, 577,754, 576,753, 576,752, 576,751, 576,750, 576,749, 576,748, 575,747, 574,747, 573,746, 572,745, 572,744, 572,743, 572,742, 572,741, 572,740, 572,739, 572,738, 572,737, 572,736, 572,735, 572,734, 572,733, 572,732, 571,731, 570,731, 569,730, 568,729, 568,728, 568,727, 568,726, 568,725, 568,724, 568,723, 568,722, 568,721, 568,720, 568,719, 568,718, 568,717, 568,716, 568,715, 568,714, 568,713, 568,712, 568,711, 568,710, 568,709, 568,708, 568,707, 568,706, 568,705, 568,704, 568,703, 568,702, 568,701, 568,700, 568,699, 568,698, 568,697, 567,696, 566,695, 565,694, 564
1,1659, 541,1658, 542,1657, 542,1656, 542,1655, 542,1654, 543,1653, 543,1653, 544,1652, 545,1651, 545,1650, 544,1649, 544,1648, 544,1647, 544,1646, 544,1645, 544,1644, 544,1643, 544,1642, 544,1641, 544,1640, 544,1639, 544,1638, 544,1637, 544,1636, 544,1635, 544,1634, 544,1633, 544,1632, 545,1631, 545,1630, 545,1629, 545,1628, 545,1627, 545,1626, 545,1625, 546,1624, 546,1623, 546,1622, 546,1621, 547,1620, 547,1619, 547,1618, 547,1617, 548,1616, 548,1615, 548,1614, 549,1613, 549,1612, 549,1611, 550,1610, 550,1609, 551,1608, 551,1607, 552,1606, 552,1605, 553,1604, 553,1603, 553,1602, 554,1601, 555,1600, 555,1599, 556,1598, 556,1597, 557,1596, 558,1595, 558,1594, 559,1593, 560,1592, 561,1591, 561,1590, 562,1589, 563,1588, 564,1587, 565,1586, 565,1586, 566,1585, 567,1584, 567,1583, 568,1583, 569,1582, 570,1581, 570,1581, 571,1580, 572,1579, 573,1578, 574,1577, 575,1577, 576,1576, 577,1575, 578,1574, 579,1574, 580,1573, 581,1572, 582,1572, 583,1571, 584,1571, 585,1570, 586,1569, 587,1569, 588,1569, 589,1568, 590,1568, 591,1567, 592,1567, 593,1566, 594,1566, 595,1565, 596,1565, 597,1565, 598,1564, 599,1564, 600,1564, 601,1563, 602,1563, 603,1563, 604,1563, 605,1562, 606,1562, 607,1562, 608,1562, 609,1561, 610,1561, 611,1561, 612,1561, 613,1561, 614,1561, 615,1561, 616,1560, 617,1560, 618,1560, 619,1560, 620,1560, 621,1560, 622,1560, 623,1560, 624,1560, 625,1560, 626,1560, 627,1560, 628,1560, 629,1560, 630,1560, 631,1560, 632,1560, 633,1560, 634,1561, 635,1561, 636,1561, 637,1561, 638,1561, 639,1561, 640,1561, 641,1562, 642,1562, 643,1562, 644,1562, 645,1563, 646,1563, 647,1563, 648,1563, 649,1564, 650,1564, 651,1564, 652,1565, 653,1565, 654,1565, 655,1566, 656,1566, 657,1567, 658,1567, 659,1568, 660,1568, 661,1569, 662,1569, 663,1569, 664,1570, 665,1571, 666,1571, 667,1572, 668,1572, 669,1573, 670,1574, 671,1574, 672,1575, 673,1576, 674,1577, 675,1577, 676,1578, 677,1579, 678,1580, 679,1581, 680,1581, 681,1582, 681,1583, 682,1583, 683,1584, 684,1585, 684,1586, 685,1586, 686,1587, 686,1588, 687,1589, 688,1590, 689,1591, 690,1592, 690,1593, 691,1594, 692,1595, 693,1596, 693,1597, 694,1598, 695,1599, 695,1600, 696,1601, 696,1602, 697,1603, 698,1604, 698,1605, 698,1606, 699,1607, 699,1608, 700,1609, 700,1610, 701,1611, 701,1612, 702,1613, 702,1614, 702,1615, 703,1616, 703,1617, 703,1618, 704,1619, 704,1620, 704,1621, 704,1622, 705,1623, 705,1624, 705,1625, 705,1626, 706,1627, 706,1628, 706,1629, 706,1630, 706,1631, 706,1632, 706,1633, 707,1634, 707,1635, 707,1636, 707,1637, 707,1638, 707,1639, 707,1640, 707,1641, 707,1642, 707,1643, 707,1644, 707,1645, 707,1646, 707,1647, 708,1648, 709,1649, 709,1650, 710,1650, 711,1651, 711,1652, 711,1653, 711,1654, 711,1655, 711,1656, 711,1657, 711,1658, 711,1659, 711,1660, 711,1661, 711,1662, 711,1663, 711,1664, 711,1665, 711,1666, 711,1667, 711,1668, 710,1669, 710,1670, 710,1671, 710,1672, 709,1673, 709,1674, 709,1675, 708,1676, 708,1677, 708,1678, 707,1679, 707,1680, 706,1681, 706,1682, 705,1683, 705,1684, 704,1685, 704,1686, 703,1687, 703,1687, 702,1688, 701,1689, 701,1690, 701,1690, 700,1691, 699,1692, 698,1693, 698,1694, 698,1695, 698,1696, 697,1697, 696,1698, 696,1699, 695,1700, 694,1701, 693,1702, 692,1703, 692,1703, 691,1704, 690,1705, 689,1706, 688,1707, 687,1708, 687,1708, 686,1709, 685,1710, 684,1711, 683,1712, 682,1712, 681,1713, 680,1714, 679,1714, 678,1714, 677,1714, 676,1715, 675,1716, 674,1717, 674,1717, 673,1717, 672,1718, 671,1719, 671,1719, 670,1720, 669,1720, 668,1721, 667,1721, 666,1722, 665,1722, 664,1723, 663,1723, 662,1724, 661,1724, 660,1724, 659,1725, 658,1725, 657,1725, 656,1726, 655,1726, 654,1726, 653,1726, 652,1726, 651,1727, 650,1727, 649,1727, 648,1728, 647,1728, 646,1728, 645,1728, 644,1728, 643,1728, 642,1728, 641,1728, 640,1728, 639,1728, 638,1729, 637,1729, 636,1729, 635,1729, 634,1729, 633,1729, 632,1729, 631,1729, 630,1729, 629,1729, 628,1729, 627,1729, 626,1729, 625,1729, 624,1729, 623,1729, 622,1729, 621,1729, 620,1729, 619,1729, 618,1729, 617,1729, 616,1729, 615,1729, 614,1729, 613,1729, 612,1729, 611,1728, 610,1728, 609,1728, 608,1727, 607,1727, 606,1727, 605,1727, 604,1727, 603,1727, 602,1727, 601,1727, 600,1726, 599,1726, 598,1726, 597,1726, 596,1725, 595,1725, 594,1725, 593,1724, 592,1724, 591,1724, 590,1723, 589,1723, 588,1722, 588,1721, 587,1721, 586,1721, 585,1720, 584,1720, 583,1720, 582,1719, 581,1718, 580,1718, 579,1718, 578,1717, 577,1717, 576,1716, 575,1715, 574,1714, 573,1714, 572,1713, 571,1712, 570,1711, 569,1711, 568,1710, 567,1709, 566,1708, 565,1708, 564,1707, 564,1706, 563,1706, 562,1705, 561,1704, 561,1703, 560,1703, 559,1702, 559,1701, 558,1700, 558,1699, 557,1699, 556,1698, 555,1697, 555,1696, 555,1695, 554,1695, 553,1694, 553,1693, 553,1692, 552,1692, 551,1691, 551,1690, 550,1689, 549,1688, 549,1687, 548,1686, 547,1685, 547,1684, 547,1683, 546,1682, 546,1681, 545,1680, 545,1679, 544,1678, 544,1677, 543,1676, 543,1675, 543,1674, 542,1673, 542,1672, 542,1671, 541,1670, 541,1669, 541,1668, 541,1667, 541,1666, 541,1665, 541,1664, 541,1663, 541,1662, 541,1661, 541,1660, 541
1,401, 535,400, 536,399, 536,398, 536,397, 536,396, 536,395, 536,394, 536,393, 537,392, 537,391, 537,390, 537,389, 537,388, 538,387, 538,386, 538,385, 538,384, 539,383, 539,382, 539,381, 539,380, 540,379, 540,378, 541,377, 541,376, 541,375, 542,374, 542,373, 542,372, 543,371, 543,370, 544,369, 544,368, 545,367, 545,366, 546,365, 546,364, 547,363, 547,362, 548,361, 548,360, 549,359, 550,358, 550,357, 551,356, 552,355, 552,354, 553,353, 554,352, 555,351, 555,350, 556,349, 557,348, 558,347, 559,346, 559,345, 560,344, 561,343, 562,342, 563,341, 564,340, 565,339, 566,339, 567,338, 568,337, 569,336, 570,335, 571,335, 572,334, 573,333, 574,332, 575,332, 576,331, 577,330, 578,330, 579,329, 580,328, 581,328, 582,327, 583,327, 584,326, 585,326, 586,325, 587,325, 588,324, 589,324, 590,323, 591,323, 592,322, 593,322, 594,322, 595,321, 596,321, 597,321, 598,320, 599,320, 600,319, 601,319, 602,319, 603,319, 604,318, 605,318, 606,318, 607,318, 608,317, 609,317, 610,317, 611,317, 612,317, 613,316, 614,316, 615,316, 616,316, 617,316, 618,316, 619,316, 620,315, 621,315, 622,315, 623,315, 624,315, 625,315, 626,315, 627,315, 628,315, 629,315, 630,315, 631,315, 632,315, 633,315, 634,315, 635,315, 636,315, 637,315, 638,315, 639,316, 640,316, 641,316, 642,316, 643,316, 644,316, 645,316, 646,317, 647,317, 648,317, 649,317, 650,317, 651,318, 652,318, 653,318, 654,318, 655,319, 656,319, 657,319, 658,319, 659,320, 660,320, 661,321, 662,321, 663,321, 664,322, 665,322, 666,322, 667,323, 668,323, 669,324, 670,324, 671,325, 672,325, 673,326, 674,326, 675,327, 676,327, 677,328, 678,328, 679,329, 680,330, 681,330, 682,331, 683,332, 684,332, 685,333, 686,334, 687,335, 688,335, 689,336, 690,337, 691,338, 692,339, 693,339, 694,340, 695,341, 696,342, 697,343, 698,344, 699,345, 700,346, 701,347, 701,348, 702,349, 703,350, 704,351, 705,352, 705,353, 706,354, 707,355, 708,356, 708,357, 709,358, 710,359, 710,360, 711,361, 712,362, 712,363, 713,364, 713,365, 714,366, 714,367, 715,368, 715,369, 716,370, 716,371, 717,372, 717,373, 718,374, 718,375, 718,376, 719,377, 719,378, 719,379, 720,380, 720,381, 721,382, 721,383, 721,384, 721,385, 722,386, 722,387, 722,388, 722,389, 723,390, 723,391, 723,392, 723,393, 723,394, 724,395, 724,396, 724,397, 724,398, 724,399, 724,400, 724,401, 725,402, 725,403, 725,404, 725,405, 725,406, 725,407, 725,408, 725,409, 725,410, 725,411, 725,412, 725,413, 725,414, 725,415, 725,416, 725,417, 725,418, 725,419, 725,420, 724,421, 724,422, 724,423, 724,424, 724,425, 724,426, 724,427, 723,428, 723,429, 723,430, 723,431, 723,432, 722,433, 722,434, 722,435, 722,436, 721,437, 721,438, 721,439, 721,440, 720,441, 720,442, 719,443, 719,444, 719,445, 718,446, 718,447, 718,448, 717,449, 717,450, 716,451, 716,452, 715,453, 715,454, 714,455, 714,456, 713,457, 713,458, 712,459, 712,460, 711,461, 710,462, 710,463, 709,464, 708,465, 708,466, 707,467, 706,468, 705,469, 705,470, 704,471, 703,472, 702,473, 701,474, 701,475, 700,476, 699,477, 698,478, 697,479, 696,480, 695,481, 694,481, 693,482, 692,483, 691,484, 690,485, 689,485, 688,486, 687,487, 686,488, 685,488, 684,489, 683,490, 682,490, 681,491, 680,492, 679,492, 678,493, 677,493, 676,494, 675,494, 674,495, 673,495, 672,496, 671,496, 670,497, 669,497, 668,498, 667,498, 666,498, 665,499, 664,499, 663,499, 662,500, 661,500, 660,501, 659,501, 658,501, 657,501, 656,502, 655,502, 654,502, 653,502, 652,503, 651,503, 650,503, 649,503, 648,503, 647,504, 646,504, 645,504, 644,504, 643,504, 642,504, 641,504, 640,505, 639,505, 638,505, 637,505, 636,505, 635,505, 634,505, 633,505, 632,505, 631,505, 630,505, 629,505, 628,505, 627,505, 626,505, 625,505, 624,505, 623,505, 622,505, 621,504, 620,504, 619,504, 618,504, 617,504, 616,504, 615,504, 614,503, 613,503, 612,503, 611,503, 610,503, 609,502, 608,502, 607,502, 606,502, 605,501, 604,501, 603,501, 602,501, 601,500, 600,500, 599,499, 598,499, 597,499, 596,498, 595,498, 594,498, 593,497, 592,497, 591,496, 590,496, 589,495, 588,495, 587,494, 586,494, 585,493, 584,493, 583,492, 582,492, 581,491, 580,490, 579,490, 578,489, 577,488, 576,488, 575,487, 574,486, 573,485, 572,485, 571,484, 570,483, 569,482, 568,481, 567,481, 566,480, 565,479, 564,478, 563,477, 562,476, 561,475, 560,474, 559,473, 559,472, 558,471, 557,470, 556,469, 555,468, 555,467, 554,466, 553,465, 552,464, 552,463, 551,462, 550,461, 550,460, 549,459, 548,458, 548,457, 547,456, 547,455, 546,454, 546,453, 545,452, 545,451, 544,450, 544,449, 543,448, 543,447, 542,446, 542,445, 542,444, 541,443, 541,442, 541,441, 540,440, 540,439, 539,438, 539,437, 539,436, 539,435, 538,434, 538,433, 538,432, 538,431, 537,430, 537,429, 537,428, 537,427, 537,426, 536,425, 536,424, 536,423, 536,422, 536,421, 536,420, 536,419, 535,418, 535,417, 535,416, 535,415, 535,414, 535,413, 535,412, 535,411, 535,410, 535,409, 535,408, 535,407, 535,406, 535,405, 535,404, 535,403, 535,402, 535
1,1705, 532,1704, 533,1703, 533,1702, 533,1701, 533,1700, 533,1699, 533,1698, 533,1697, 533,1696, 534,1695, 534,1694, 534,1693, 534,1692, 534,1691, 535,1690, 535,1689, 535,1688, 536,1687, 536,1686, 536,1685, 536,1684, 537,1683, 537,1682, 537,1681, 538,1680, 538,1679, 539,1678, 539,1677, 539,1676, 540,1675, 540,1674, 541,1673, 541,1672, 542,1671, 541,1670, 541,1669, 541,1668, 541,1667, 541,1666, 541,1665, 541,1664, 541,1663, 541,1662, 541,1661, 541,1660, 541,1659, 541,1658, 542,1657, 542,1656, 542,1655, 542,1654, 543,1653, 543,1653, 544,1652, 545,1651, 545,1650, 545,1649, 546,1648, 547,1647, 548,1646, 549,1645, 549,1644, 550,1644, 551,1643, 552,1642, 552,1642, 553,1641, 554,1640, 554,1640, 555,1639, 556,1638, 556,1637, 557,1636, 558,1636, 559,1635, 560,1634, 560,1634, 561,1633, 562,1632, 563,1631, 564,1631, 565,1630, 566,1630, 567,1630, 568,1629, 569,1628, 569,1627, 570,1627, 571,1626, 572,1625, 573,1625, 574,1625, 575,1625, 576,1624, 577,1623, 577,1622, 578,1622, 579,1622, 580,1622, 581,1622, 582,1621, 583,1620, 584,1620, 585,1619, 586,1619, 587,1618, 588,1618, 589,1617, 590,1617, 591,1617, 592,1616, 593,1616, 594,1616, 595,1616, 596,1615, 597,1615, 598,1615, 599,1615, 600,1615, 601,1614, 602,1614, 603,1614, 604,1613, 605,1613, 606,1613, 607,1613, 608,1613, 609,1613, 610,1613, 611,1613, 612,1612, 613,1612, 614,1612, 615,1612, 616,1612, 617,1612, 618,1612, 619,1612, 620,1612, 621,1612, 622,1612, 623,1612, 624,1612, 625,1612, 626,1612, 627,1612, 628,1612, 629,1612, 630,1612, 631,1612, 632,1612, 633,1612, 634,1612, 635,1612, 636,1612, 637,1612, 638,1612, 639,1612, 640,1612, 641,1613, 642,1613, 643,1613, 644,1613, 645,1613, 646,1613, 647,1613, 648,1613, 649,1613, 650,1613, 651,1614, 652,1614, 653,1614, 654,1614, 655,1615, 656,1615, 657,1615, 658,1615, 659,1616, 660,1616, 661,1616, 662,1617, 663,1617, 664,1617, 665,1618, 666,1618, 667,1618, 668,1619, 669,1619, 670,1619, 671,1620, 672,1621, 673,1621, 674,1622, 675,1622, 676,1622, 677,1622, 678,1623, 679,1624, 680,1624, 681,1625, 682,1626, 683,1626, 684,1627, 685,1628, 686,1628, 687,1628, 688,1629, 688,1630, 689,1630, 690,1631, 690,1632, 691,1632, 692,1632, 693,1633, 694,1634, 695,1634, 696,1635, 697,1636, 697,1637, 698,1638, 699,1638, 700,1639, 701,1640, 701,1641, 702,1642, 703,1642, 704,1643, 705,1644, 706,1645, 706,1646, 706,1647, 707,1647, 708,1648, 709,1649, 709,1650, 710,1650, 711,1651, 711,1652, 711,1653, 711,1654, 711,1655, 711,1656, 711,1657, 711,1658, 711,1659, 711,1660, 711,1661, 711,1662, 711,1663, 711,1664, 711,1665, 711,1666, 711,1667, 712,1668, 712,1669, 713,1670, 714,1671, 714,1672, 714,1673, 715,1674, 715,1675, 716,1676, 716,1677, 717,1678, 717,1679, 717,1680, 718,1681, 718,1682, 719,1683, 719,1684, 719,1685, 720,1686, 720,1687, 720,1688, 720,1689, 721,1690, 721,1691, 721,1692, 722,1693, 722,1694, 722,1695, 722,1696, 722,1697, 723,1698, 723,1699, 723,1700, 723,1701, 723,1702, 723,1703, 723,1704, 723,1705, 724,1706, 724,1707, 724,1708, 724,1709, 724,1710, 724,1711, 724,1712, 724,1713, 724,1714, 724,1715, 724,1716, 724,1717, 724,1718, 724,1719, 724,1720, 724,1721, 724,1722, 724,1723, 724,1724, 723,1725, 723,1726, 723,1727, 723,1728, 723,1729, 723,1730, 723,1731, 723,1732, 722,1733, 722,1734, 722,1735, 722,1736, 722,1737, 721,1738, 721,1739, 721,1740, 720,1741, 720,1742, 720,1743, 720,1744, 719,1745, 719,1746, 719,1747, 718,1748, 718,1749, 717,1750, 717,1751, 717,1752, 716,1753, 716,1754, 715,1755, 715,1756, 714,1757, 714,1758, 714,1759, 713,1760, 712,1761, 712,1762, 711,1763, 711,1764, 710,1765, 709,1766, 709,1767, 708,1768, 708,1769, 707,1770, 706,1771, 705,1772, 705,1773, 704,1774, 703,1775, 702,1776, 702,1777, 701,1778, 700,1779, 699,1780, 698,1781, 697,1782, 696,1783, 695,1784, 694,1785, 693,1786, 692,1787, 691,1788, 690,1788, 689,1789, 688,1790, 687,1791, 686,1791, 685,1792, 684,1793, 683,1794, 682,1794, 681,1795, 680,1795, 679,1796, 678,1797, 677,1797, 676,1798, 675,1798, 674,1799, 673,1800, 672,1800, 671,1800, 670,1801, 669,1801, 668,1802, 667,1802, 666,1803, 665,1803, 664,1803, 663,1804, 662,1804, 661,1805, 660,1805, 659,1805, 658,1806, 657,1806, 656,1806, 655,1806, 654,1807, 653,1807, 652,1807, 651,1808, 650,1808, 649,1808, 648,1808, 647,1808, 646,1809, 645,1809, 644,1809, 643,1809, 642,1809, 641,1809, 640,1809, 639,1809, 638,1810, 637,1810, 636,1810, 635,1810, 634,1810, 633,1810, 632,1810, 631,1810, 630,1810, 629,1810, 628,1810, 627,1810, 626,1810, 625,1810, 624,1810, 623,1810, 622,1810, 621,1810, 620,1810, 619,1809, 618,1809, 617,1809, 616,1809, 615,1809, 614,1809, 613,1809, 612,1809, 611,1808, 610,1808, 609,1808, 608,1808, 607,1808, 606,1807, 605,1807, 604,1807, 603,1806, 602,1806, 601,1806, 600,1806, 599,1805, 598,1805, 597,1805, 596,1804, 595,1804, 594,1803, 593,1803, 592,1803, 591,1802, 590,1802, 589,1801, 588,1801, 587,1800, 586,1800, 585,1800, 584,1799, 583,1798, 582,1798, 581,1797, 580,1797, 579,1796, 578,1795, 577,1795, 576,1794, 575,1794, 574,1793, 573,1792, 572,1791, 571,1791, 570,1790, 569,1789, 568,1788, 567,1788, 566,1787, 565,1786, 564,1785, 563,1784, 562,1783, 561,1782, 560,1781, 559,1780, 558,1779, 557,1778, 556,1777, 555,1776, 554,1775, 554,1774, 553,1773, 552,1772, 551,1771, 551,1770, 550,1769, 549,1768, 548,1767, 548,1766, 547,1765, 547,1764, 546,1763, 545,1762, 545,1761, 544,1760, 544,1759, 543,1758, 542,1757, 542,1756, 542,1755, 541,1754, 541,1753, 540,1752, 540,1751, 539,1750, 539,1749, 539,1748, 538,1747, 538,1746, 537,1745, 537,1744, 537,1743, 536,1742, 536,1741, 536,1740, 536,1739, 535,1738, 535,1737, 535,1736, 534,1735, 534,1734, 534,1733, 534,1732, 534,1731, 533,1730, 533,1729, 533,1728, 533,1727, 533,1726, 533,1725, 533,1724, 533,1723, 532,1722, 532,1721, 532,1720, 532,1719, 532,1718, 532,1717, 532,1716, 532,1715, 532,1714, 532,1713, 532,1712, 532,1711, 532,1710, 532,1709, 532,1708, 532,1707, 532,1706, 532
1,2809, 504,2808, 505,2808, 506,2807, 507,2806, 508,2805, 508,2804, 508,2803, 508,2802, 508,2801, 508,2800, 508,2799, 508,2798, 508,2797, 508,2796, 508,2795, 508,2794, 508,2793, 508,2792, 509,2792, 510,2791, 511,2790, 512,2789, 512,2788, 512,2787, 512,2786, 512,2785, 512,2784, 513,2784, 514,2784, 515,2784, 516,2784, 517,2784, 518,2783, 519,2782, 520,2781, 520,2780, 520,2779, 520,2778, 520,2777, 520,2776, 521,2776, 522,2775, 523,2774, 524,2773, 524,2772, 525,2772, 526,2772, 527,2772, 528,2772, 529,2772, 530,2771, 531,2770, 532,2769, 532,2768, 533,2768, 534,2768, 535,2768, 536,2768, 537,2768, 538,2768, 539,2768, 540,2768, 541,2768, 542,2768, 543,2768, 544,2768, 545,2768, 546,2768, 547,2768, 548,2768, 549,2768, 550,2768, 551,2768, 552,2768, 553,2768, 554,2767, 555,2766, 556,2765, 556,2764, 557,2764, 558,2764, 559,2764, 560,2764, 561,2764, 562,2763, 563,2762, 563,2761, 564,2760, 565,2760, 566,2761, 567,2762, 568,2763, 568,2764, 569,2764, 570,2764, 571,2764, 572,2764, 573,2764, 574,2764, 575,2764, 576,2764, 577,2764, 578,2764, 579,2764, 580,2764, 581,2764, 582,2765, 583,2766, 583,2767, 584,2768, 585,2768, 586,2768, 587,2768, 588,2768, 589,2768, 590,2768, 591,2768, 592,2768, 593,2768, 594,2769, 595,2770, 595,2771, 596,2772, 597,2772, 598,2772, 599,2772, 600,2772, 601,2772, 602,2773, 603,2774, 603,2775, 604,2776, 605,2776, 606,2776, 607,2776, 608,2776, 609,2776, 610,2777, 611,2778, 611,2779, 612,2780, 613,2780, 614,2781, 615,2782, 615,2783, 616,2784, 617,2784, 618,2785, 619,2786, 619,2787, 620,2788, 621,2788, 622,2789, 623,2790, 623,2791, 624,2792, 625,2792, 626,2793, 627,2794, 627,2795, 627,2796, 627,2797, 627,2798, 627,2799, 628,2800, 629,2800, 630,2801, 631,2802, 631,2803, 632,2804, 633,2804, 634,2805, 635,2806, 635,2807, 636,2808, 637,2808, 638,2809, 639,2810, 639,2811, 639,2812, 639,2813, 639,2814, 639,2815, 640,2816, 641,2816, 642,2817, 643,2818, 643,2819, 644,2820, 645,2820, 646,2821, 647,2822, 647,2823, 647,2824, 647,2825, 647,2826, 647,2827, 648,2828, 649,2828, 650,2829, 651,2830, 651,2831, 651,2832, 651,2833, 651,2834, 651,2835, 652,2836, 653,2836, 654,2837, 655,2838, 655,2839, 655,2840, 655,2841, 655,2842, 655,2843, 656,2844, 657,2844, 658,2845, 659,2846, 659,2847, 659,2848, 659,2849, 659,2850, 659,2851, 659,2852, 659,2853, 659,2854, 659,2855, 659,2856, 659,2857, 659,2858, 659,2859, 659,2860, 659,2861, 659,2862, 659,2863, 659,2864, 659,2865, 659,2866, 659,2867, 659,2868, 659,2869, 659,2870, 659,2871, 659,2872, 659,2873, 659,2874, 659,2875, 659,2876, 659,2877, 659,2878, 659,2879, 658,2879, 657,2880, 656,2881, 655,2882, 655,2883, 655,2884, 655,2885, 655,2886, 655,2887, 655,2888, 655,2889, 655,2890, 655,2891, 654,2891, 653,2892, 652,2893, 651,2894, 651,2895, 650,2895, 649,2896, 648,2897, 647,2898, 647,2899, 646,2899, 645,2900, 644,2901, 643,2902, 643,2903, 642,2903, 641,2904, 640,2905, 639,2906, 639,2907, 638,2907, 637,2908, 636,2909, 635,2910, 635,2911, 634,2911, 633,2911, 632,2911, 631,2911, 630,2911, 629,2912, 628,2913, 627,2914, 627,2915, 626,2915, 625,2915, 624,2915, 623,2915, 622,2915, 621,2915, 620,2915, 619,2915, 618,2915, 617,2915, 616,2915, 615,2915, 614,2915, 613,2915, 612,2915, 611,2915, 610,2915, 609,2915, 608,2915, 607,2915, 606,2915, 605,2915, 604,2915, 603,2915, 602,2915, 601,2915, 600,2915, 599,2915, 598,2915, 597,2915, 596,2915, 595,2915, 594,2915, 593,2915, 592,2915, 591,2915, 590,2915, 589,2914, 588,2913, 588,2912, 587,2911, 586,2911, 585,2911, 584,2911, 583,2911, 582,2911, 581,2911, 580,2911, 579,2911, 578,2911, 577,2910, 576,2909, 576,2908, 575,2907, 574,2907, 573,2907, 572,2907, 571,2907, 570,2907, 569,2907, 568,2907, 567,2907, 566,2907, 565,2907, 564,2907, 563,2907, 562,2907, 561,2906, 560,2905, 560,2904, 559,2903, 558,2903, 557,2902, 556,2901, 556,2900, 555,2899, 554,2899, 553,2899, 552,2899, 551,2899, 550,2899, 549,2898, 548,2897, 548,2896, 547,2895, 546,2895, 545,2895, 544,2895, 543,2895, 542,2895, 541,2894, 540,2893, 540,2892, 539,2891, 538,2891, 537,2890, 536,2889, 536,2888, 535,2887, 534,2887, 533,2887, 532,2887, 531,2887, 530,2887, 529,2886, 528,2885, 528,2884, 528,2883, 528,2882, 528,2881, 528,2880, 527,2879, 526,2879, 525,2878, 524,2877, 524,2876, 523,2875, 522,2875, 521,2874, 520,2873, 519,2872, 518,2871, 517,2870, 516,2869, 516,2868, 515,2867, 514,2867, 513,2866, 512,2865, 512,2864, 512,2863, 512,2862, 512,2861, 512,2860, 512,2859, 512,2858, 512,2857, 512,2856, 511,2855, 510,2855, 509,2854, 508,2853, 508,2852, 508,2851, 508,2850, 508,2849, 508,2848, 508,2847, 508,2846, 508,2845, 508,2844, 507,2843, 506,2843, 505,2842, 504,2841, 504,2840, 504,2839, 504,2838, 504,2837, 504,2836, 504,2835, 504,2834, 504,2833, 504,2832, 504,2831, 504,2830, 504,2829, 504,2828, 504,2827, 504,2826, 504,2825, 504,2824, 504,2823, 504,2822, 504,2821, 504,2820, 504,2819, 504,2818, 504,2817, 504,2816, 504,2815, 504,2814, 504,2813, 504,2812, 504,2811, 504,2810, 504
1,1145, 504,1144, 505,1144, 506,1143, 507,1142, 508,1141, 508,1140, 508,1139, 508,1138, 508,1137, 508,1136, 508,1135, 508,1134, 508,1133, 508,1132, 508,1131, 508,1130, 508,1129, 508,1128, 508,1127, 508,1126, 508,1125, 508,1124, 508,1123, 508,1122, 508,1121, 508,1120, 508,1119, 508,1118, 508,1117, 508,1116, 509,1116, 510,1115, 511,1114, 512,1113, 512,1112, 512,1111, 512,1110, 512,1109, 512,1108, 512,1107, 512,1106, 512,1105, 512,1104, 513,1104, 514,1103, 515,1102, 516,1101, 516,1100, 516,1099, 516,1098, 516,1097, 516,1096, 517,1096, 518,1095, 519,1094, 520,1093, 520,1092, 520,1091, 520,1090, 520,1089, 520,1088, 520,1087, 520,1086, 520,1085, 520,1084, 521,1084, 522,1083, 523,1082, 524,1081, 524,1080, 525,1080, 526,1079, 527,1078, 528,1077, 528,1076, 529,1076, 530,1075, 531,1074, 532,1073, 532,1072, 533,1072, 534,1071, 535,1070, 536,1069, 536,1068, 536,1067, 536,1066, 536,1065, 536,1064, 537,1064, 538,1063, 539,1062, 540,1061, 540,1060, 541,1060, 542,1060, 543,1060, 544,1060, 545,1060, 546,1059, 547,1058, 548,1057, 548,1056, 549,1056, 550,1055, 551,1054, 552,1053, 552,1052, 553,1052, 554,1051, 555,1050, 556,1049, 556,1048, 557,1048, 558,1048, 559,1048, 560,1048, 561,1048, 562,1047, 563,1046, 564,1045, 564,1044, 565,1044, 566,1044, 567,1044, 568,1044, 569,1044, 570,1044, 571,1044, 572,1044, 573,1044, 574,1043, 575,1042, 576,1041, 576,1040, 577,1040, 578,1040, 579,1040, 580,1040, 581,1040, 582,1040, 583,1040, 584,1040, 585,1040, 586,1040, 587,1040, 588,1040, 589,1040, 590,1040, 591,1040, 592,1040, 593,1040, 594,1040, 595,1040, 596,1040, 597,1040, 598,1040, 599,1040, 600,1040, 601,1040, 602,1040, 603,1040, 604,1040, 605,1040, 606,1040, 607,1040, 608,1040, 609,1040, 610,1041, 611,1042, 611,1043, 612,1044, 613,1044, 614,1044, 615,1044, 616,1044, 617,1044, 618,1045, 619,1046, 619,1047, 620,1048, 621,1048, 622,1049, 623,1050, 623,1051, 624,1052, 625,1052, 626,1052, 627,1052, 628,1052, 629,1052, 630,1053, 631,1054, 631,1055, 631,1056, 631,1057, 631,1058, 631,1059, 632,1060, 633,1060, 634,1061, 635,1062, 635,1063, 636,1064, 637,1064, 638,1065, 639,1066, 639,1067, 640,1068, 641,1068, 642,1069, 643,1070, 643,1071, 643,1072, 643,1073, 643,1074, 643,1075, 643,1076, 643,1077, 643,1078, 643,1079, 643,1080, 643,1081, 643,1082, 643,1083, 643,1084, 643,1085, 643,1086, 643,1087, 643,1088, 643,1089, 643,1090, 643,1091, 644,1092, 645,1092, 646,1093, 647,1094, 647,1095, 647,1096, 647,1097, 647,1098, 647,1099, 647,1100, 647,1101, 647,1102, 647,1103, 647,1104, 647,1105, 647,1106, 647,1107, 647,1108, 647,1109, 647,1110, 647,1111, 648,1112, 649,1112, 650,1113, 651,1114, 651,1115, 651,1116, 651,1117, 651,1118, 651,1119, 651,1120, 651,1121, 651,1122, 651,1123, 651,1124, 651,1125, 651,1126, 651,1127, 651,1128, 651,1129, 651,1130, 651,1131, 651,1132, 651,1133, 651,1134, 651,1135, 651,1136, 651,1137, 651,1138, 651,1139, 651,1140, 651,1141, 651,1142, 651,1143, 651,1144, 651,1145, 651,1146, 651,1147, 651,1148, 651,1149, 651,1150, 651,1151, 651,1152, 651,1153, 651,1154, 651,1155, 651,1156, 651,1157, 651,1158, 651,1159, 650,1159, 649,1160, 648,1161, 647,1162, 647,1163, 647,1164, 647,1165, 647,1166, 647,1167, 647,1168, 647,1169, 647,1170, 647,1171, 647,1172, 647,1173, 647,1174, 647,1175, 646,1175, 645,1176, 644,1177, 643,1178, 643,1179, 643,1180, 643,1181, 643,1182, 643,1183, 642,1183, 641,1184, 640,1185, 639,1186, 639,1187, 639,1188, 639,1189, 639,1190, 639,1191, 638,1191, 637,1192, 636,1193, 635,1194, 635,1195, 635,1196, 635,1197, 635,1198, 635,1199, 634,1199, 633,1200, 632,1201, 631,1202, 631,1203, 631,1204, 631,1205, 631,1206, 631,1207, 630,1207, 629,1208, 628,1209, 627,1210, 627,1211, 626,1211, 625,1212, 624,1213, 623,1214, 623,1215, 622,1215, 621,1216, 620,1217, 619,1218, 619,1219, 618,1219, 617,1220, 616,1221, 615,1222, 615,1223, 614,1223, 613,1224, 612,1225, 611,1226, 611,1227, 610,1227, 609,1227, 608,1227, 607,1227, 606,1227, 605,1228, 604,1229, 603,1230, 603,1231, 602,1231, 601,1231, 600,1231, 599,1231, 598,1231, 597,1232, 596,1233, 595,1234, 595,1235, 594,1235, 593,1235, 592,1235, 591,1235, 590,1235, 589,1235, 588,1235, 587,1235, 586,1235, 585,1236, 584,1237, 583,1238, 583,1239, 582,1239, 581,1239, 580,1239, 579,1239, 578,1239, 577,1239, 576,1239, 575,1239, 574,1239, 573,1239, 572,1239, 571,1239, 570,1239, 569,1239, 568,1239, 567,1239, 566,1239, 565,1238, 564,1237, 564,1236, 563,1235, 562,1235, 561,1235, 560,1235, 559,1235, 558,1235, 557,1235, 556,1235, 555,1235, 554,1235, 553,1235, 552,1235, 551,1235, 550,1235, 549,1234, 548,1233, 548,1232, 547,1231, 546,1231, 545,1230, 544,1229, 544,1228, 543,1227, 542,1227, 541,1227, 540,1227, 539,1227, 538,1227, 537,1226, 536,1225, 536,1224, 535,1223, 534,1223, 533,1222, 532,1221, 532,1220, 531,1219, 530,1219, 529,1218, 528,1217, 528,1216, 527,1215, 526,1215, 525,1214, 524,1213, 524,1212, 523,1211, 522,1211, 521,1210, 520,1209, 520,1208, 519,1207, 518,1207, 517,1206, 516,1205, 516,1204, 516,1203, 516,1202, 516,1201, 516,1200, 515,1199, 514,1199, 513,1198, 512,1197, 512,1196, 512,1195, 512,1194, 512,1193, 512,1192, 511,1191, 510,1191, 509,1190, 508,1189, 508,1188, 508,1187, 508,1186, 508,1185, 508,1184, 508,1183, 508,1182, 508,1181, 508,1180, 508,1179, 508,1178, 508,1177, 508,1176, 508,1175, 508,1174, 508,1173, 507,1172, 507,1171, 506,1171, 505,1170, 504,1169, 504,1168, 504,1167, 504,1166, 504,1165, 504,1164, 504,1163, 504,1162, 504,1161, 504,1160, 504,1159, 504,1158, 504,1157, 504,1156, 504,1155, 504,1154, 504,1153, 504,1152, 504,1151, 504,1150, 504,1149, 504,1148, 504,1147, 504,1146, 504
1,1868, 445,1867, 446,1866, 446,1865, 446,1864, 446,1863, 446,1862, 446,1861, 447,1860, 447,1859, 447,1858, 447,1857, 448,1856, 448,1855, 448,1854, 448,1853, 448,1852, 449,1851, 449,1850, 449,1849, 449,1848, 450,1847, 450,1846, 451,1845, 451,1844, 452,1843, 452,1842, 452,1842, 453,1841, 454,1840, 454,1839, 454,1838, 454,1837, 454,1836, 455,1835, 455,1834, 456,1833, 457,1832, 457,1831, 458,1830, 459,1829, 459,1828, 460,1827, 460,1827, 461,1826, 462,1825, 462,1824, 462,1823, 463,1822, 464,1821, 465,1820, 466,1819, 467,1818, 467,1818, 468,1817, 469,1816, 470,1816, 471,1816, 472,1816, 473,1816, 474,1816, 475,1816, 476,1816, 477,1816, 478,1816, 479,1816, 480,1816, 481,1815, 482,1814, 483,1814, 484,1813, 485,1812, 486,1811, 487,1811, 488,1810, 489,1809, 490,1809, 491,1808, 492,1807, 493,1807, 494,1806, 495,1806, 496,1805, 497,1804, 498,1804, 499,1803, 500,1803, 501,1802, 502,1802, 503,1802, 504,1801, 505,1801, 506,1800, 507,1800, 508,1800, 509,1799, 510,1799, 511,1798, 512,1798, 513,1798, 514,1798, 515,1797, 516,1797, 517,1797, 518,1796, 519,1796, 520,1796, 521,1796, 522,1796, 523,1795, 524,1795, 525,1795, 526,1795, 527,1795, 528,1795, 529,1795, 530,1794, 531,1794, 532,1794, 533,1794, 534,1794, 535,1794, 536,1794, 537,1794, 538,1794, 539,1794, 540,1794, 541,1794, 542,1794, 543,1794, 544,1794, 545,1794, 546,1794, 547,1794, 548,1794, 549,1795, 550,1795, 551,1795, 552,1795, 553,1795, 554,1795, 555,1795, 556,1796, 557,1796, 558,1796, 559,1796, 560,1796, 561,1797, 562,1797, 563,1797, 564,1798, 565,1798, 566,1798, 567,1798, 568,1799, 569,1799, 570,1800, 571,1800, 572,1800, 573,1801, 574,1801, 575,1802, 576,1802, 577,1802, 578,1803, 579,1803, 580,1804, 581,1804, 582,1805, 583,1806, 584,1806, 585,1807, 586,1807, 587,1808, 588,1809, 589,1809, 590,1810, 591,1811, 592,1811, 593,1812, 594,1813, 595,1814, 596,1814, 597,1815, 598,1816, 599,1817, 600,1818, 601,1819, 602,1820, 603,1821, 604,1822, 605,1823, 606,1824, 607,1825, 608,1826, 609,1827, 609,1828, 610,1829, 611,1830, 612,1831, 612,1832, 613,1833, 614,1834, 614,1835, 615,1836, 616,1837, 616,1838, 617,1839, 617,1840, 618,1841, 619,1842, 619,1843, 620,1844, 620,1845, 621,1846, 621,1847, 621,1848, 622,1849, 622,1850, 623,1851, 623,1852, 623,1853, 624,1854, 624,1855, 625,1856, 625,1857, 625,1858, 625,1859, 626,1860, 626,1861, 626,1862, 627,1863, 627,1864, 627,1865, 627,1866, 627,1867, 628,1868, 628,1869, 628,1870, 628,1871, 628,1872, 628,1873, 628,1874, 629,1875, 629,1876, 629,1877, 629,1878, 629,1879, 629,1880, 629,1881, 629,1882, 629,1883, 629,1884, 629,1885, 629,1886, 629,1887, 629,1888, 629,1889, 629,1890, 629,1891, 629,1892, 629,1893, 628,1894, 628,1895, 628,1896, 628,1897, 628,1898, 628,1899, 628,1900, 627,1901, 627,1902, 627,1903, 627,1904, 627,1905, 626,1906, 626,1907, 626,1908, 625,1909, 625,1910, 625,1911, 625,1912, 624,1913, 624,1914, 623,1915, 623,1916, 623,1917, 622,1918, 622,1919, 621,1920, 621,1921, 621,1922, 620,1923, 620,1924, 619,1925, 619,1926, 618,1927, 617,1928, 617,1929, 616,1930, 616,1931, 615,1932, 614,1933, 614,1934, 613,1935, 612,1936, 612,1937, 611,1938, 610,1939, 609,1940, 609,1941, 608,1942, 607,1943, 606,1944, 605,1945, 604,1946, 603,1947, 602,1948, 601,1949, 600,1950, 599,1951, 598,1952, 597,1952, 596,1953, 595,1954, 594,1955, 593,1955, 592,1956, 591,1957, 590,1957, 589,1958, 588,1959, 587,1959, 586,1960, 585,1960, 584,1961, 583,1962, 582,1962, 581,1963, 580,1963, 579,1964, 578,1964, 577,1964, 576,1965, 575,1965, 574,1966, 573,1966, 572,1966, 571,1967, 570,1967, 569,1968, 568,1968, 567,1968, 566,1968, 565,1969, 564,1969, 563,1969, 562,1970, 561,1970, 560,1970, 559,1970, 558,1970, 557,1971, 556,1971, 555,1971, 554,1971, 553,1971, 552,1971, 551,1971, 550,1972, 549,1972, 548,1972, 547,1972, 546,1972, 545,1972, 544,1972, 543,1972, 542,1972, 541,1972, 540,1972, 539,1972, 538,1972, 537,1972, 536,1972, 535,1972, 534,1972, 533,1972, 532,1972, 531,1971, 530,1971, 529,1971, 528,1971, 527,1971, 526,1971, 525,1971, 524,1970, 523,1970, 522,1970, 521,1970, 520,1970, 519,1969, 518,1969, 517,1969, 516,1968, 515,1968, 514,1968, 513,1968, 512,1967, 511,1967, 510,1966, 509,1966, 508,1966, 507,1965, 506,1965, 505,1964, 504,1964, 503,1964, 502,1963, 501,1963, 500,1962, 499,1962, 498,1961, 497,1960, 496,1960, 495,1959, 494,1959, 493,1958, 492,1957, 491,1957, 490,1956, 489,1955, 488,1955, 487,1954, 486,1953, 485,1952, 484,1952, 483,1951, 482,1950, 481,1949, 480,1948, 479,1947, 478,1946, 477,1945, 476,1944, 475,1943, 474,1942, 473,1941, 472,1940, 471,1939, 471,1938, 470,1937, 469,1936, 468,1935, 468,1934, 467,1933, 466,1932, 466,1931, 465,1930, 464,1929, 464,1928, 463,1927, 463,1926, 462,1925, 461,1924, 461,1923, 460,1922, 460,1921, 459,1920, 459,1919, 459,1918, 458,1917, 457,1917, 456,1917, 455,1917, 454,1917, 453,1917, 452,1917, 451,1917, 450,1917, 449,1916, 449,1915, 449,1914, 449,1913, 448,1912, 448,1911, 448,1910, 447,1909, 447,1908, 447,1907, 447,1906, 447,1905, 446,1904, 446,1903, 446,1902, 446,1901, 446,1900, 446,1899, 446,1898, 445,1897, 445,1896, 445,1895, 445,1894, 445,1893, 445,1892, 445,1891, 445,1890, 445,1889, 445,1888, 445,1887, 445,1886, 445,1885, 445,1884, 445,1883, 445,1882, 445,1881, 445,1880, 445,1879, 445,1878, 445,1877, 445,1876, 445,1875, 445,1874, 445,1873, 445,1872, 445,1871, 445,1870, 445,1869, 445
1,649, 308,648, 309,648, 310,647, 311,646, 312,645, 312,644, 312,643, 312,642, 312,641, 312,640, 312,639, 312,638, 312,637, 312,636, 312,635, 312,634, 312,633, 312,632, 312,631, 312,630, 312,629, 312,628, 313,628, 314,627, 315,626, 316,625, 316,624, 317,624, 318,623, 319,622, 320,621, 320,620, 321,620, 322,619, 323,618, 324,617, 324,616, 324,615, 324,614, 324,613, 324,612, 325,612, 326,611, 327,610, 328,609, 328,608, 329,608, 330,607, 331,606, 332,605, 332,604, 333,604, 334,604, 335,604, 336,604, 337,604, 338,603, 339,602, 340,601, 340,600, 341,600, 342,599, 343,598, 344,597, 344,596, 345,596, 346,595, 347,594, 348,593, 348,592, 349,592, 350,592, 351,592, 352,592, 353,592, 354,591, 355,590, 356,589, 356,588, 357,588, 358,588, 359,588, 360,588, 361,588, 362,588, 363,588, 364,588, 365,588, 366,588, 367,588, 368,588, 369,588, 370,587, 371,586, 372,585, 372,584, 373,584, 374,584, 375,584, 376,584, 377,584, 378,584, 379,584, 380,584, 381,584, 382,584, 383,584, 384,584, 385,584, 386,583, 387,582, 388,581, 388,580, 389,580, 390,580, 391,580, 392,580, 393,580, 394,580, 395,580, 396,580, 397,580, 398,580, 399,580, 400,580, 401,580, 402,580, 403,580, 404,580, 405,580, 406,580, 407,580, 408,580, 409,580, 410,580, 411,580, 412,580, 413,580, 414,580, 415,580, 416,580, 417,580, 418,580, 419,580, 420,580, 421,580, 422,580, 423,580, 424,580, 425,580, 426,580, 427,580, 428,580, 429,580, 430,580, 431,580, 432,580, 433,580, 434,580, 435,580, 436,580, 437,580, 438,580, 439,580, 440,580, 441,580, 442,580, 443,580, 444,580, 445,580, 446,580, 447,580, 448,580, 449,580, 450,580, 451,580, 452,580, 453,580, 454,580, 455,580, 456,580, 457,580, 458,580, 459,580, 460,580, 461,580, 462,581, 463,582, 463,583, 464,584, 465,584, 466,584, 467,584, 468,584, 469,584, 470,584, 471,584, 472,584, 473,584, 474,585, 475,586, 475,587, 476,588, 477,588, 478,588, 479,588, 480,588, 481,588, 482,589, 483,590, 483,591, 484,592, 485,592, 486,593, 487,594, 487,595, 488,596, 489,596, 490,596, 491,596, 492,596, 493,596, 494,597, 495,598, 495,599, 496,600, 497,600, 498,601, 499,602, 499,603, 500,604, 501,604, 502,605, 503,606, 503,607, 503,608, 503,609, 503,610, 503,611, 504,612, 505,612, 506,613, 507,614, 507,615, 508,616, 509,616, 510,617, 511,618, 511,619, 512,620, 513,620, 514,621, 515,622, 515,623, 515,624, 515,625, 515,626, 516,627, 517,628, 518,629, 519,630, 519,631, 518,632, 517,633, 516,634, 515,635, 515,636, 515,637, 515,638, 515,639, 516,640, 517,640, 518,641, 519,642, 519,643, 519,644, 519,645, 519,646, 519,647, 519,648, 519,649, 519,650, 519,651, 519,652, 519,653, 519,654, 519,655, 519,656, 519,657, 519,658, 519,659, 518,659, 517,660, 516,661, 515,662, 515,663, 515,664, 515,665, 515,666, 515,667, 516,667, 517,668, 518,669, 519,670, 519,671, 518,672, 517,673, 516,674, 515,675, 515,676, 515,677, 515,678, 514,679, 513,680, 512,681, 511,682, 512,683, 512,684, 513,684, 514,685, 514,686, 515,687, 514,688, 513,689, 512,690, 511,691, 511,692, 511,693, 511,694, 511,695, 511,696, 511,697, 511,698, 511,699, 510,699, 509,700, 508,701, 507,702, 507,703, 506,703, 505,704, 504,705, 503,706, 503,707, 503,708, 503,709, 503,710, 503,711, 503,712, 503,713, 503,714, 503,715, 502,715, 501,715, 500,715, 499,715, 498,715, 497,716, 496,717, 495,718, 495,719, 495,720, 495,721, 495,722, 495,723, 494,723, 493,724, 492,725, 491,726, 491,727, 490,727, 489,728, 488,729, 487,730, 487,731, 486,731, 485,731, 484,731, 483,731, 482,731, 481,732, 480,733, 479,734, 479,735, 478,735, 477,735, 476,735, 475,735, 474,735, 473,735, 472,735, 471,735, 470,735, 469,736, 468,737, 467,738, 467,739, 466,739, 465,739, 464,739, 463,739, 462,739, 461,740, 460,741, 459,742, 459,743, 458,743, 457,743, 456,743, 455,743, 454,743, 453,744, 452,745, 451,746, 451,747, 450,747, 449,747, 448,747, 447,747, 446,747, 445,748, 444,749, 443,750, 443,751, 442,751, 441,751, 440,751, 439,751, 438,751, 437,752, 436,753, 435,754, 435,755, 434,755, 433,755, 432,755, 431,755, 430,755, 429,755, 428,755, 427,755, 426,755, 425,755, 424,755, 423,755, 422,755, 421,755, 420,755, 419,755, 418,756, 417,757, 416,758, 415,759, 414,758, 413,758, 412,757, 412,756, 411,755, 410,756, 409,756, 408,757, 407,758, 407,758, 406,759, 405,758, 404,757, 403,756, 403,755, 402,755, 401,755, 400,755, 399,755, 398,755, 397,755, 396,755, 395,755, 394,755, 393,755, 392,755, 391,755, 390,755, 389,755, 388,755, 387,755, 386,755, 385,754, 384,753, 384,752, 383,751, 382,751, 381,751, 380,751, 379,751, 378,751, 377,751, 376,751, 375,751, 374,751, 373,751, 372,751, 371,751, 370,751, 369,750, 368,749, 368,748, 367,747, 366,747, 365,747, 364,747, 363,747, 362,747, 361,746, 360,745, 360,744, 359,743, 358,743, 357,743, 356,743, 355,743, 354,743, 353,742, 352,741, 352,740, 351,739, 350,739, 349,738, 348,737, 348,736, 347,735, 346,735, 345,735, 344,735, 343,735, 342,735, 341,734, 340,733, 340,732, 339,731, 338,731, 337,730, 336,729, 336,728, 335,727, 334,727, 333,726, 332,725, 332,724, 331,723, 330,723, 329,722, 328,721, 328,720, 327,719, 326,719, 325,718, 324,717, 324,716, 324,715, 324,714, 324,713, 324,712, 323,711, 322,711, 321,710, 320,709, 320,708, 320,707, 320,706, 320,705, 320,704, 319,703, 318,703, 317,702, 316,701, 316,700, 316,699, 316,698, 316,697, 316,696, 315,695, 314,695, 313,694, 312,693, 312,692, 312,691, 312,690, 312,689, 312,688, 312,687, 312,686, 312,685, 312,684, 312,683, 312,682, 312,681, 312,680, 311,679, 310,679, 309,678, 308,677, 308,676, 308,675, 308,674, 308,673, 308,672, 308,671, 308,670, 308,669, 308,668, 308,667, 308,666, 308,665, 308,664, 308,663, 308,662, 308,661, 308,660, 308,659, 308,658, 308,657, 308,656, 308,655, 308,654, 308,653, 308,652, 308,651, 308,650, 308
1,1799, 277,1798, 278,1797, 278,1796, 278,1795, 278,1794, 278,1793, 278,1792, 278,1791, 279,1790, 279,1789, 279,1788, 279,1787, 280,1786, 280,1785, 280,1784, 281,1783, 281,1782, 281,1781, 282,1780, 282,1779, 282,1778, 283,1777, 283,1776, 284,1775, 284,1774, 285,1773, 285,1772, 286,1771, 286,1770, 286,1769, 287,1768, 287,1767, 288,1766, 288,1765, 289,1764, 289,1763, 290,1762, 290,1761, 291,1760, 292,1759, 292,1758, 293,1757, 293,1756, 294,1755, 295,1754, 296,1753, 296,1752, 297,1751, 298,1750, 299,1749, 300,1748, 301,1747, 302,1746, 303,1745, 304,1744, 305,1743, 306,1742, 307,1741, 308,1741, 309,1740, 310,1739, 311,1738, 312,1738, 313,1737, 314,1737, 315,1736, 316,1735, 317,1735, 318,1734, 319,1734, 320,1733, 321,1733, 322,1732, 323,1732, 324,1731, 325,1731, 326,1731, 327,1730, 328,1730, 329,1730, 330,1729, 331,1729, 332,1729, 333,1728, 334,1728, 335,1728, 336,1728, 337,1727, 338,1727, 339,1727, 340,1727, 341,1727, 342,1727, 343,1727, 344,1726, 345,1726, 346,1726, 347,1726, 348,1726, 349,1726, 350,1726, 351,1726, 352,1726, 353,1726, 354,1726, 355,1726, 356,1726, 357,1726, 358,1726, 359,1726, 360,1727, 361,1727, 362,1727, 363,1727, 364,1727, 365,1727, 366,1727, 367,1728, 368,1728, 369,1728, 370,1728, 371,1729, 372,1729, 373,1729, 374,1730, 375,1730, 376,1730, 377,1731, 378,1731, 379,1731, 380,1732, 381,1732, 382,1733, 383,1733, 384,1734, 385,1734, 386,1735, 387,1735, 388,1736, 389,1737, 390,1737, 391,1738, 392,1738, 393,1738, 394,1739, 395,1739, 396,1740, 397,1740, 398,1741, 399,1741, 400,1742, 401,1742, 402,1743, 403,1744, 404,1744, 405,1745, 406,1745, 407,1746, 408,1747, 409,1748, 410,1748, 411,1749, 412,1750, 413,1750, 414,1751, 415,1751, 416,1752, 417,1753, 418,1754, 419,1754, 420,1755, 421,1756, 422,1757, 423,1758, 424,1759, 425,1760, 426,1761, 427,1762, 428,1763, 429,1764, 430,1765, 431,1766, 432,1767, 432,1768, 433,1769, 434,1770, 435,1771, 435,1772, 436,1773, 437,1774, 438,1775, 439,1776, 440,1777, 440,1778, 441,1779, 442,1780, 443,1781, 443,1782, 444,1783, 445,1784, 446,1785, 447,1786, 448,1787, 449,1788, 450,1789, 451,1790, 452,1791, 452,1792, 453,1793, 454,1794, 455,1795, 455,1796, 456,1797, 456,1798, 457,1799, 458,1800, 459,1801, 460,1802, 461,1803, 462,1804, 463,1805, 464,1806, 465,1807, 466,1808, 467,1809, 468,1810, 469,1811, 469,1812, 470,1813, 471,1814, 472,1815, 472,1816, 473,1816, 474,1816, 475,1816, 476,1816, 477,1816, 478,1816, 479,1816, 480,1816, 481,1816, 482,1817, 483,1818, 483,1819, 483,1820, 484,1821, 485,1822, 485,1823, 485,1824, 486,1825, 486,1826, 486,1827, 486,1828, 487,1829, 487,1830, 488,1831, 488,1832, 488,1833, 488,1834, 488,1835, 488,1836, 488,1837, 489,1838, 489,1839, 489,1840, 489,1841, 490,1842, 490,1843, 490,1844, 490,1845, 490,1846, 490,1847, 490,1848, 490,1849, 490,1850, 490,1851, 490,1852, 490,1853, 490,1854, 490,1855, 490,1856, 490,1857, 490,1858, 490,1859, 490,1860, 490,1861, 490,1862, 490,1863, 490,1864, 490,1865, 490,1866, 490,1867, 490,1868, 490,1869, 489,1870, 489,1871, 489,1872, 489,1873, 489,1874, 489,1875, 489,1876, 488,1877, 488,1878, 487,1879, 487,1880, 487,1881, 487,1882, 487,1882, 486,1883, 485,1884, 485,1885, 485,1886, 485,1887, 485,1888, 485,1889, 484,1890, 484,1891, 483,1892, 483,1893, 482,1894, 481,1895, 481,1896, 481,1896, 480,1897, 479,1898, 479,1899, 479,1900, 478,1901, 478,1902, 477,1903, 476,1904, 475,1905, 474,1906, 474,1907, 473,1907, 472,1908, 471,1909, 471,1909, 470,1910, 469,1911, 469,1911, 468,1912, 467,1913, 467,1914, 466,1915, 465,1915, 464,1916, 463,1917, 463,1917, 462,1917, 461,1917, 460,1917, 459,1917, 458,1917, 457,1917, 456,1917, 455,1917, 454,1917, 453,1917, 452,1917, 451,1917, 450,1917, 449,1917, 448,1917, 447,1918, 446,1918, 445,1919, 444,1919, 443,1920, 442,1920, 441,1921, 440,1921, 439,1921, 438,1922, 437,1922, 436,1922, 435,1923, 434,1923, 433,1923, 432,1924, 431,1924, 430,1924, 429,1924, 428,1925, 427,1925, 426,1925, 425,1925, 424,1925, 423,1925, 422,1925, 421,1926, 420,1926, 419,1926, 418,1926, 417,1926, 416,1926, 415,1926, 414,1926, 413,1926, 412,1926, 411,1926, 410,1926, 409,1926, 408,1926, 407,1926, 406,1926, 405,1925, 404,1925, 403,1925, 402,1925, 401,1925, 400,1925, 399,1925, 398,1924, 397,1924, 396,1924, 395,1924, 394,1923, 393,1923, 392,1923, 391,1922, 390,1922, 389,1922, 388,1921, 387,1921, 386,1921, 385,1920, 384,1920, 383,1919, 382,1919, 381,1918, 380,1918, 379,1917, 378,1917, 377,1916, 376,1915, 375,1915, 374,1914, 373,1914, 372,1913, 371,1912, 370,1911, 369,1911, 368,1911, 367,1910, 366,1910, 365,1909, 364,1909, 363,1908, 362,1908, 361,1907, 360,1907, 359,1906, 358,1905, 357,1905, 356,1904, 355,1904, 354,1903, 353,1902, 352,1901, 351,1901, 350,1900, 349,1899, 348,1898, 347,1897, 346,1896, 345,1895, 344,1894, 343,1893, 342,1892, 341,1891, 340,1890, 339,1889, 338,1888, 337,1887, 336,1887, 335,1886, 334,1885, 333,1885, 332,1884, 331,1884, 330,1883, 329,1882, 328,1881, 327,1881, 326,1880, 325,1879, 324,1878, 323,1877, 322,1876, 321,1875, 320,1874, 319,1873, 318,1872, 317,1871, 316,1870, 315,1869, 314,1869, 313,1868, 312,1867, 311,1867, 310,1866, 309,1866, 308,1865, 307,1864, 306,1863, 305,1863, 304,1862, 303,1861, 302,1860, 301,1859, 300,1858, 299,1857, 298,1856, 297,1855, 296,1854, 295,1853, 294,1852, 293,1851, 292,1850, 292,1849, 291,1848, 290,1847, 289,1846, 289,1845, 288,1844, 288,1843, 287,1842, 286,1841, 286,1840, 285,1839, 285,1838, 284,1837, 284,1836, 283,1835, 283,1834, 282,1833, 282,1832, 282,1831, 281,1830, 281,1829, 281,1828, 280,1827, 280,1826, 280,1825, 279,1824, 279,1823, 279,1822, 279,1821, 278,1820, 278,1819, 278,1818, 278,1817, 278,1816, 278,1815, 278,1814, 277,1813, 277,1812, 277,1811, 277,1810, 277,1809, 277,1808, 277,1807, 277,1806, 277,1805, 277,1804, 277,1803, 277,1802, 277,1801, 277,1800, 277
1,485, 260,484, 261,484, 262,483, 263,482, 264,481, 264,480, 264,479, 264,478, 264,477, 264,476, 264,475, 264,474, 264,473, 264,472, 264,471, 264,470, 264,469, 264,468, 265,468, 266,467, 267,466, 268,465, 268,464, 269,464, 270,463, 271,462, 272,461, 272,460, 273,460, 274,459, 275,458, 276,457, 276,456, 277,456, 278,455, 279,454, 280,453, 280,452, 281,452, 282,451, 283,450, 284,449, 284,448, 285,448, 286,447, 287,446, 288,445, 288,444, 288,443, 288,442, 288,441, 288,440, 289,440, 290,439, 291,438, 292,437, 292,436, 292,435, 292,434, 292,433, 292,432, 293,432, 294,432, 295,432, 296,432, 297,432, 298,432, 299,432, 300,432, 301,432, 302,431, 303,430, 304,429, 304,428, 304,427, 304,426, 304,425, 304,424, 305,424, 306,424, 307,424, 308,424, 309,424, 310,423, 311,422, 312,421, 312,420, 313,420, 314,419, 315,418, 316,417, 316,416, 317,416, 318,415, 319,414, 320,413, 320,412, 321,412, 322,412, 323,412, 324,412, 325,412, 326,411, 327,410, 328,409, 328,408, 329,408, 330,408, 331,408, 332,408, 333,408, 334,408, 335,408, 336,408, 337,408, 338,408, 339,408, 340,408, 341,408, 342,408, 343,408, 344,408, 345,408, 346,408, 347,408, 348,408, 349,408, 350,408, 351,408, 352,408, 353,408, 354,409, 355,410, 355,411, 356,412, 357,412, 358,412, 359,412, 360,412, 361,412, 362,412, 363,412, 364,412, 365,412, 366,412, 367,412, 368,412, 369,412, 370,412, 371,412, 372,412, 373,412, 374,412, 375,412, 376,412, 377,412, 378,412, 379,412, 380,412, 381,412, 382,411, 383,410, 384,409, 384,408, 385,408, 386,408, 387,408, 388,408, 389,408, 390,408, 391,408, 392,408, 393,408, 394,407, 395,406, 396,405, 396,404, 397,404, 398,403, 399,402, 400,401, 400,400, 401,400, 402,400, 403,400, 404,400, 405,400, 406,400, 407,400, 408,400, 409,400, 410,401, 411,402, 411,403, 412,404, 413,404, 414,404, 415,404, 416,404, 417,404, 418,404, 419,404, 420,404, 421,404, 422,405, 423,406, 423,407, 424,408, 425,408, 426,408, 427,408, 428,408, 429,408, 430,408, 431,408, 432,408, 433,408, 434,409, 435,410, 435,411, 436,412, 437,412, 438,412, 439,412, 440,412, 441,412, 442,413, 443,414, 443,415, 443,416, 443,417, 443,418, 443,419, 444,420, 445,420, 446,421, 447,422, 447,423, 448,424, 449,424, 450,425, 451,426, 451,427, 452,428, 453,428, 454,429, 455,430, 455,431, 456,432, 457,432, 458,433, 459,434, 459,435, 459,436, 459,437, 459,438, 459,439, 460,440, 461,440, 462,441, 463,442, 463,443, 464,444, 465,444, 466,445, 467,446, 467,447, 467,448, 467,449, 467,450, 467,451, 467,452, 467,453, 467,454, 467,455, 468,456, 469,456, 470,457, 471,458, 471,459, 471,460, 471,461, 471,462, 471,463, 471,464, 471,465, 471,466, 471,467, 471,468, 471,469, 471,470, 471,471, 471,472, 471,473, 471,474, 471,475, 471,476, 471,477, 471,478, 471,479, 471,480, 471,481, 471,482, 471,483, 471,484, 471,485, 471,486, 471,487, 471,488, 471,489, 471,490, 471,491, 471,492, 471,493, 471,494, 471,495, 471,496, 471,497, 471,498, 471,499, 471,500, 471,501, 471,502, 471,503, 471,504, 471,505, 471,506, 471,507, 471,508, 471,509, 471,510, 471,511, 470,511, 469,512, 468,513, 467,514, 467,515, 467,516, 467,517, 467,518, 467,519, 467,520, 467,521, 467,522, 467,523, 466,523, 465,524, 464,525, 463,526, 463,527, 463,528, 463,529, 463,530, 463,531, 463,532, 463,533, 463,534, 463,535, 462,535, 461,536, 460,537, 459,538, 459,539, 459,540, 459,541, 459,542, 459,543, 458,543, 457,544, 456,545, 455,546, 455,547, 455,548, 455,549, 455,550, 455,551, 454,551, 453,552, 452,553, 451,554, 451,555, 450,555, 449,555, 448,555, 447,555, 446,555, 445,556, 444,557, 443,558, 443,559, 442,559, 441,560, 440,561, 439,562, 439,563, 438,563, 437,564, 436,565, 435,566, 435,567, 434,567, 433,567, 432,567, 431,567, 430,567, 429,567, 428,567, 427,567, 426,567, 425,567, 424,567, 423,567, 422,567, 421,567, 420,567, 419,567, 418,567, 417,567, 416,567, 415,567, 414,567, 413,567, 412,567, 411,567, 410,567, 409,567, 408,567, 407,567, 406,567, 405,567, 404,567, 403,567, 402,567, 401,567, 400,567, 399,567, 398,567, 397,567, 396,567, 395,567, 394,567, 393,567, 392,567, 391,567, 390,567, 389,567, 388,567, 387,567, 386,567, 385,567, 384,567, 383,567, 382,567, 381,567, 380,567, 379,567, 378,567, 377,568, 376,569, 375,570, 375,571, 374,571, 373,571, 372,571, 371,571, 370,571, 369,571, 368,571, 367,571, 366,571, 365,571, 364,571, 363,571, 362,571, 361,571, 360,571, 359,571, 358,571, 357,571, 356,571, 355,571, 354,571, 353,572, 352,573, 351,574, 351,575, 350,575, 349,575, 348,575, 347,575, 346,575, 345,575, 344,575, 343,575, 342,575, 341,575, 340,575, 339,575, 338,575, 337,575, 336,575, 335,575, 334,575, 333,575, 332,575, 331,575, 330,575, 329,575, 328,575, 327,575, 326,575, 325,575, 324,575, 323,575, 322,575, 321,574, 320,573, 320,572, 319,571, 318,571, 317,571, 316,571, 315,571, 314,571, 313,571, 312,571, 311,571, 310,571, 309,570, 308,569, 308,568, 307,567, 306,567, 305,566, 304,565, 304,564, 303,563, 302,563, 301,563, 300,563, 299,563, 298,563, 297,562, 296,561, 296,560, 295,559, 294,559, 293,558, 292,557, 292,556, 291,555, 290,555, 289,554, 288,553, 288,552, 287,551, 286,551, 285,550, 284,549, 284,548, 283,547, 282,547, 281,546, 280,545, 280,544, 279,543, 278,543, 277,542, 276,541, 276,540, 276,539, 276,538, 276,537, 276,536, 275,535, 274,535, 273,534, 272,533, 272,532, 271,531, 270,531, 269,530, 268,529, 268,528, 268,527, 268,526, 268,525, 268,524, 267,523, 266,523, 265,522, 264,521, 264,520, 263,519, 262,519, 261,518, 260,517, 260,516, 260,515, 260,514, 260,513, 260,512, 260,511, 260,510, 260,509, 260,508, 260,507, 260,506, 260,505, 260,504, 260,503, 260,502, 260,501, 260,500, 260,499, 260,498, 260,497, 260,496, 260,495, 260,494, 260,493, 260,492, 260,491, 260,490, 260,489, 260,488, 260,487, 260,486, 260
1,622, 53,621, 54,620, 54,619, 54,618, 54,617, 54,616, 54,615, 54,614, 55,613, 55,612, 55,611, 55,610, 55,609, 56,608, 56,607, 56,606, 57,605, 57,604, 57,603, 58,602, 58,601, 58,600, 59,599, 59,598, 59,597, 60,596, 60,595, 61,594, 61,593, 62,592, 62,591, 63,590, 63,589, 64,588, 64,587, 65,586, 66,585, 66,584, 67,583, 67,582, 68,581, 69,580, 70,579, 70,578, 71,577, 72,576, 73,575, 74,574, 74,573, 75,572, 76,571, 77,570, 78,569, 79,568, 80,567, 81,567, 82,566, 83,565, 84,564, 85,563, 86,563, 87,562, 88,561, 89,560, 90,560, 91,559, 92,559, 93,558, 94,557, 95,557, 96,556, 97,556, 98,555, 99,555, 100,554, 101,554, 102,553, 103,553, 104,552, 105,552, 106,552, 107,551, 108,551, 109,551, 110,550, 111,550, 112,550, 113,549, 114,549, 115,549, 116,548, 117,548, 118,548, 119,548, 120,548, 121,547, 122,547, 123,547, 124,547, 125,547, 126,547, 127,547, 128,546, 129,546, 130,546, 131,546, 132,546, 133,546, 134,546, 135,546, 136,546, 137,546, 138,546, 139,546, 140,546, 141,546, 142,546, 143,546, 144,546, 145,546, 146,547, 147,547, 148,547, 149,547, 150,547, 151,547, 152,547, 153,548, 154,548, 155,548, 156,548, 157,548, 158,549, 159,549, 160,549, 161,550, 162,550, 163,550, 164,551, 165,551, 166,551, 167,552, 168,552, 169,552, 170,553, 171,553, 172,554, 173,554, 174,555, 175,555, 176,556, 177,556, 178,557, 179,557, 180,558, 181,559, 182,559, 183,560, 184,560, 185,561, 186,562, 187,563, 188,563, 189,564, 190,565, 191,566, 192,567, 193,567, 194,568, 195,569, 196,570, 197,571, 198,572, 199,573, 200,574, 201,575, 201,576, 202,577, 203,578, 204,579, 205,580, 205,581, 206,582, 207,583, 208,584, 208,585, 209,586, 209,587, 210,588, 211,589, 211,590, 212,591, 212,592, 213,593, 213,594, 214,595, 214,596, 215,597, 215,598, 216,599, 216,600, 216,601, 217,602, 217,603, 217,604, 218,605, 218,606, 218,607, 219,608, 219,609, 219,610, 220,611, 220,612, 220,613, 220,614, 220,615, 221,616, 221,617, 221,618, 221,619, 221,620, 221,621, 221,622, 222,623, 222,624, 222,625, 222,626, 222,627, 222,628, 222,629, 222,630, 222,631, 222,632, 222,633, 222,634, 222,635, 222,636, 222,637, 222,638, 222,639, 222,640, 221,641, 221,642, 221,643, 221,644, 221,645, 221,646, 221,647, 220,648, 220,649, 220,650, 220,651, 220,652, 219,653, 219,654, 219,655, 218,656, 218,657, 218,658, 217,659, 217,660, 217,661, 216,662, 216,663, 216,664, 215,665, 215,666, 214,667, 214,668, 213,669, 213,670, 212,671, 212,672, 211,673, 211,674, 210,675, 209,676, 209,677, 208,678, 208,679, 207,680, 206,681, 205,682, 205,683, 204,684, 203,685, 202,686, 201,687, 201,688, 200,689, 199,690, 198,691, 197,692, 196,693, 195,694, 194,694, 193,695, 192,696, 191,697, 190,698, 189,698, 188,699, 187,700, 186,701, 185,701, 184,702, 183,702, 182,703, 181,704, 180,704, 179,705, 178,705, 177,706, 176,706, 175,707, 174,707, 173,708, 172,708, 171,709, 170,709, 169,709, 168,710, 167,710, 166,710, 165,711, 164,711, 163,711, 162,712, 161,712, 160,712, 159,713, 158,713, 157,713, 156,713, 155,713, 154,714, 153,714, 152,714, 151,714, 150,714, 149,714, 148,714, 147,715, 146,715, 145,715, 144,715, 143,715, 142,715, 141,715, 140,715, 139,715, 138,715, 137,715, 136,715, 135,715, 134,715, 133,715, 132,715, 131,715, 130,715, 129,714, 128,714, 127,714, 126,714, 125,714, 124,714, 123,714, 122,713, 121,713, 120,713, 119,713, 118,713, 117,712, 116,712, 115,712, 114,711, 113,711, 112,711, 111,710, 110,710, 109,710, 108,709, 107,709, 106,709, 105,708, 104,708, 103,707, 102,707, 101,706, 100,706, 99,705, 98,705, 97,704, 96,704, 95,703, 94,702, 93,702, 92,701, 91,701, 90,700, 89,699, 88,698, 87,698, 86,697, 85,696, 84,695, 83,694, 82,694, 81,693, 80,692, 79,691, 78,690, 77,689, 76,688, 75,687, 74,686, 74,685, 73,684, 72,683, 71,682, 70,681, 70,680, 69,679, 68,678, 67,677, 67,676, 66,675, 66,674, 65,673, 64,672, 64,671, 63,670, 63,669, 62,668, 62,667, 61,666, 61,665, 60,664, 60,663, 59,662, 59,661, 59,660, 58,659, 58,658, 58,657, 57,656, 57,655, 57,654, 56,653, 56,652, 56,651, 55,650, 55,649, 55,648, 55,647, 55,646, 54,645, 54,644, 54,643, 54,642, 54,641, 54,640, 54,639, 53,638, 53,637, 53,636, 53,635, 53,634, 53,633, 53,632, 53,631, 53,630, 53,629, 53,628, 53,627, 53,626, 53,625, 53,624, 53,623, 53
0,2645, 1924,2644, 1925,2644, 1926,2643, 1927,2642, 1928,2641, 1928,2640, 1928,2639, 1928,2638, 1928,2637, 1928,2636, 1928,2635, 1928,2634, 1928,2633, 1928,2632, 1928,2631, 1928,2630, 1928,2629, 1928,2628, 1929,2628, 1930,2627, 1931,2626, 1932,2625, 1932,2624, 1932,2623, 1932,2622, 1932,2621, 1932,2620, 1932,2619, 1932,2618, 1932,2617, 1932,2616, 1932,2615, 1932,2614, 1932,2613, 1932,2612, 1932,2611, 1932,2610, 1932,2609, 1932,2608, 1933,2608, 1934,2607, 1935,2606, 1936,2605, 1936,2604, 1936,2603, 1936,2602, 1936,2601, 1936,2600, 1936,2599, 1936,2598, 1936,2597, 1936,2596, 1936,2595, 1936,2594, 1936,2593, 1936,2592, 1936,2591, 1936,2590, 1936,2589, 1936,2588, 1936,2587, 1936,2586, 1936,2585, 1936,2584, 1936,2583, 1936,2582, 1936,2581, 1936,2580, 1936,2579, 1936,2578, 1936,2577, 1936,2576, 1937,2576, 1938,2575, 1939,2574, 1940,2573, 1940,2572, 1940,2571, 1940,2570, 1940,2569, 1940,2568, 1941,2568, 1942,2568, 1943,2568, 1944,2568, 1945,2568, 1946,2568, 1947,2568, 1948,2568, 1949,2568, 1950,2568, 1951,2568, 1952,2568, 1953,2568, 1954,2567, 1955,2566, 1956,2565, 1956,2564, 1957,2564, 1958,2564, 1959,2564, 1960,2564, 1961,2564, 1962,2564, 1963,2564, 1964,2564, 1965,2564, 1966,2564, 1967,2564, 1968,2564, 1969,2564, 1970,2565, 1971,2566, 1971,2567, 1972,2568, 1973,2568, 1974,2568, 1975,2568, 1976,2568, 1977,2568, 1978,2569, 1979,2570, 1979,2571, 1980,2572, 1981,2572, 1982,2573, 1983,2574, 1983,2575, 1983,2576, 1983,2577, 1983,2578, 1983,2579, 1984,2580, 1985,2580, 1986,2581, 1987,2582, 1987,2583, 1987,2584, 1987,2585, 1987,2586, 1987,2587, 1988,2588, 1989,2588, 1990,2589, 1991,2590, 1991,2591, 1991,2592, 1991,2593, 1991,2594, 1991,2595, 1992,2596, 1993,2596, 1994,2597, 1995,2598, 1995,2599, 1996,2600, 1997,2600, 1998,2601, 1999,2602, 1999,2603, 2000,2604, 2001,2604, 2002,2605, 2003,2606, 2003,2607, 2004,2608, 2005,2608, 2006,2609, 2007,2610, 2007,2611, 2007,2612, 2007,2613, 2007,2614, 2007,2615, 2008,2616, 2009,2616, 2010,2617, 2011,2618, 2011,2619, 2011,2620, 2011,2621, 2011,2622, 2011,2623, 2011,2624, 2011,2625, 2011,2626, 2011,2627, 2012,2628, 2013,2628, 2014,2629, 2015,2630, 2015,2631, 2016,2632, 2017,2632, 2018,2633, 2019,2634, 2019,2635, 2019,2636, 2019,2637, 2019,2638, 2019,2639, 2020,2640, 2021,2640, 2022,2640, 2023,2640, 2024,2640, 2025,2640, 2026,2641, 2027,2642, 2027,2643, 2027,2644, 2027,2645, 2027,2646, 2027,2647, 2028,2648, 2029,2648, 2030,2649, 2031,2650, 2031,2651, 2032,2652, 2033,2652, 2034,2653, 2035,2654, 2035,2655, 2036,2656, 2037,2656, 2038,2657, 2039,2658, 2039,2659, 2039,2660, 2039,2661, 2039,2662, 2039,2663, 2040,2664, 2041,2664, 2042,2664, 2043,2663, 2044,2662, 2044,2661, 2045,2660, 2045,2660, 2046,2661, 2047,2662, 2047,2663, 2046,2663, 2045,2663, 2044,2664, 2043,2665, 2043,2666, 2043,2667, 2044,2668, 2045,2669, 2046,2670, 2047,2671, 2048,2672, 2049,2672, 2050,2673, 2051,2674, 2052,2675, 2053,2676, 2054,2677, 2055,2678, 2054,2679, 2054,2679, 2053,2680, 2052,2681, 2052,2682, 2051,2683, 2052,2684, 2053,2684, 2054,2684, 2055,2684, 2056,2684, 2057,2684, 2058,2685, 2059,2686, 2059,2687, 2059,2688, 2059,2689, 2059,2690, 2059,2691, 2059,2692, 2059,2693, 2059,2694, 2059,2695, 2059,2696, 2059,2697, 2059,2698, 2058,2699, 2057,2700, 2056,2701, 2055,2702, 2055,2703, 2056,2704, 2057,2704, 2058,2704, 2059,2704, 2060,2704, 2061,2705, 2062,2706, 2063,2707, 2064,2708, 2065,2708, 2066,2707, 2067,2706, 2068,2705, 2068,2704, 2068,2703, 2068,2702, 2068,2701, 2068,2700, 2069,2700, 2070,2700, 2071,2700, 2072,2700, 2073,2700, 2074,2701, 2075,2702, 2075,2703, 2075,2704, 2075,2705, 2075,2706, 2075,2707, 2075,2708, 2075,2709, 2075,2710, 2075,2711, 2075,2712, 2075,2713, 2075,2714, 2075,2715, 2075,2716, 2075,2717, 2075,2718, 2075,2719, 2076,2720, 2077,2720, 2078,2721, 2079,2722, 2079,2723, 2079,2724, 2079,2725, 2079,2726, 2079,2727, 2080,2728, 2081,2728, 2082,2728, 2083,2728, 2084,2728, 2085,2728, 2086,2729, 2087,2730, 2087,2731, 2087,2732, 2087,2733, 2087,2734, 2087,2735, 2086,2735, 2085,2736, 2084,2737, 2083,2738, 2083,2739, 2082,2739, 2081,2739, 2080,2739, 2079,2739, 2078,2739, 2077,2739, 2076,2739, 2075,2739, 2074,2739, 2073,2740, 2072,2741, 2071,2742, 2071,2743, 2071,2744, 2071,2745, 2071,2746, 2071,2747, 2071,2748, 2071,2749, 2071,2750, 2071,2751, 2071,2752, 2071,2753, 2071,2754, 2071,2755, 2070,2755, 2069,2755, 2068,2755, 2067,2755, 2066,2755, 2065,2755, 2064,2755, 2063,2755, 2062,2755, 2061,2756, 2060,2757, 2059,2758, 2059,2759, 2058,2759, 2057,2760, 2056,2761, 2055,2762, 2055,2763, 2054,2763, 2053,2763, 2052,2763, 2051,2763, 2050,2763, 2049,2764, 2048,2765, 2048,2766, 2047,2767, 2046,2767, 2045,2766, 2044,2765, 2043,2764, 2042,2763, 2041,2762, 2040,2761, 2040,2760, 2039,2759, 2038,2759, 2037,2759, 2036,2759, 2035,2759, 2034,2759, 2033,2760, 2032,2761, 2031,2762, 2031,2763, 2030,2763, 2029,2763, 2028,2763, 2027,2763, 2026,2763, 2025,2764, 2024,2765, 2023,2766, 2023,2767, 2023,2768, 2023,2769, 2023,2770, 2023,2771, 2022,2771, 2021,2771, 2020,2771, 2019,2771, 2018,2771, 2017,2771, 2016,2771, 2015,2771, 2014,2771, 2013,2771, 2012,2771, 2011,2771, 2010,2771, 2009,2771, 2008,2771, 2007,2771, 2006,2771, 2005,2771, 2004,2771, 2003,2771, 2002,2771, 2001,2771, 2000,2771, 1999,2771, 1998,2771, 1997,2771, 1996,2771, 1995,2771, 1994,2771, 1993,2771, 1992,2771, 1991,2771, 1990,2771, 1989,2771, 1988,2771, 1987,2771, 1986,2771, 1985,2772, 1984,2773, 1983,2774, 1983,2775, 1982,2775, 1981,2775, 1980,2775, 1979,2775, 1978,2775, 1977,2775, 1976,2775, 1975,2775, 1974,2775, 1973,2775, 1972,2775, 1971,2775, 1970,2775, 1969,2775, 1968,2775, 1967,2775, 1966,2775, 1965,2774, 1964,2773, 1964,2772, 1963,2771, 1962,2771, 1961,2770, 1960,2769, 1960,2768, 1960,2767, 1960,2766, 1960,2765, 1960,2764, 1959,2763, 1958,2763, 1957,2762, 1956,2761, 1956,2760, 1956,2759, 1956,2758, 1956,2757, 1956,2756, 1955,2755, 1954,2755, 1953,2754, 1952,2753, 1952,2752, 1951,2751, 1950,2751, 1949,2750, 1948,2749, 1948,2748, 1948,2747, 1948,2746, 1948,2745, 1948,2744, 1948,2743, 1948,2742, 1948,2741, 1948,2740, 1947,2739, 1946,2739, 1945,2738, 1944,2737, 1944,2736, 1944,2735, 1944,2734, 1944,2733, 1944,2732, 1943,2731, 1942,2731, 1941,2730, 1940,2729, 1940,2728, 1940,2727, 1940,2726, 1940,2725, 1940,2724, 1940,2723, 1940,2722, 1940,2721, 1940,2720, 1940,2719, 1940,2718, 1940,2717, 1940,2716, 1939,2715, 1938,2715, 1937,2714, 1936,2713, 1936,2712, 1935,2711, 1934,2711, 1933,2710, 1932,2709, 1932,2708, 1932,2707, 1932,2706, 1932,2705, 1932,2704, 1932,2703, 1932,2702, 1932,2701, 1932,2700, 1932,2699, 1932,2698, 1932,2697, 1932,2696, 1931,2695, 1930,2695, 1929,2694, 1928,2693, 1928,2692, 1927,2691, 1926,2691, 1925,2690, 1924,2689, 1924,2688, 1924,2687, 1924,2686, 1924,2685, 1924,2684, 1924,2683, 1924,2682, 1924,2681, 1924,2680, 1924,2679, 1924,2678, 1924,2677, 1924,2676, 1924,2675, 1924,2674, 1924,2673, 1924,2672, 1924,2671, 1924,2670, 1924,2669, 1924,2668, 1924,2667, 1924,2666, 1924,2665, 1924,2664, 1924,2663, 1924,2662, 1924,2661, 1924,2660, 1924,2659, 1924,2658, 1924,2657, 1924,2656, 1924,2655, 1924,2654, 1924,2653, 1924,2652, 1924,2651, 1924,2650, 1924,2649, 1924,2648, 1924,2647, 1924,2646, 1924
0,556, 1677,555, 1678,554, 1678,553, 1678,552, 1678,551, 1678,550, 1678,549, 1679,548, 1679,547, 1679,546, 1679,545, 1679,544, 1679,543, 1679,542, 1680,541, 1680,540, 1680,539, 1680,538, 1680,537, 1680,536, 1681,535, 1681,534, 1681,533, 1681,532, 1681,531, 1681,530, 1681,529, 1682,528, 1682,527, 1682,526, 1682,525, 1682,524, 1682,523, 1683,522, 1683,521, 1683,520, 1683,519, 1683,518, 1683,517, 1684,516, 1684,515, 1684,514, 1684,513, 1684,512, 1684,511, 1684,510, 1685,509, 1685,508, 1685,507, 1685,506, 1685,505, 1685,504, 1686,503, 1686,502, 1686,501, 1686,500, 1686,499, 1686,498, 1686,497, 1687,496, 1687,495, 1687,494, 1687,493, 1687,492, 1687,491, 1688,490, 1688,489, 1688,488, 1688,487, 1688,486, 1688,485, 1688,484, 1689,483, 1689,482, 1689,481, 1689,480, 1690,479, 1690,478, 1690,477, 1691,476, 1691,475, 1691,474, 1692,473, 1692,472, 1693,471, 1693,470, 1693,469, 1694,468, 1694,467, 1695,466, 1695,465, 1695,464, 1696,463, 1696,462, 1696,461, 1697,460, 1697,459, 1698,458, 1698,457, 1698,456, 1699,455, 1699,454, 1700,453, 1700,452, 1700,451, 1701,450, 1701,449, 1701,448, 1702,447, 1702,446, 1703,445, 1703,444, 1703,443, 1704,442, 1704,441, 1705,440, 1705,439, 1705,438, 1706,437, 1706,436, 1706,435, 1707,434, 1707,433, 1708,432, 1708,431, 1708,430, 1709,429, 1709,428, 1710,427, 1710,426, 1710,425, 1711,424, 1711,423, 1712,422, 1712,421, 1712,420, 1713,419, 1713,418, 1713,417, 1714,416, 1714,415, 1715,414, 1715,413, 1715,412, 1716,411, 1716,410, 1717,409, 1717,408, 1717,407, 1718,406, 1718,405, 1718,404, 1719,403, 1719,402, 1720,401, 1720,400, 1721,399, 1721,398, 1722,397, 1723,396, 1724,395, 1725,394, 1726,393, 1727,392, 1727,391, 1728,390, 1729,389, 1730,388, 1731,387, 1732,386, 1733,385, 1733,384, 1734,383, 1735,382, 1736,381, 1737,380, 1738,379, 1738,378, 1739,377, 1740,376, 1741,375, 1742,374, 1743,373, 1744,372, 1744,371, 1745,370, 1746,369, 1747,368, 1748,367, 1749,366, 1750,365, 1750,364, 1751,363, 1752,362, 1753,361, 1754,360, 1755,359, 1755,358, 1756,357, 1757,356, 1758,355, 1759,354, 1760,353, 1761,352, 1761,351, 1762,350, 1763,349, 1764,348, 1765,347, 1766,346, 1766,345, 1767,344, 1768,343, 1769,342, 1770,341, 1771,340, 1772,339, 1772,338, 1773,337, 1774,336, 1775,335, 1776,334, 1777,333, 1778,332, 1778,331, 1779,330, 1780,329, 1781,329, 1782,328, 1783,327, 1784,327, 1785,326, 1786,325, 1787,325, 1788,324, 1789,323, 1790,323, 1791,322, 1792,321, 1793,321, 1794,320, 1795,319, 1796,319, 1797,318, 1798,317, 1799,317, 1800,316, 1801,315, 1802,314, 1803,314, 1804,313, 1805,312, 1806,312, 1807,311, 1808,310, 1809,310, 1810,309, 1811,308, 1812,308, 1813,307, 1814,306, 1815,306, 1816,305, 1817,304, 1818,304, 1819,303, 1820,302, 1821,302, 1822,301, 1823,300, 1824,300, 1825,299, 1826,298, 1827,298, 1828,297, 1829,296, 1830,296, 1831,295, 1832,294, 1833,294, 1834,293, 1835,292, 1836,292, 1837,291, 1838,290, 1839,290, 1840,289, 1841,288, 1842,288, 1843,287, 1844,286, 1845,285, 1846,285, 1847,284, 1848,283, 1849,283, 1850,282, 1851,281, 1852,281, 1853,280, 1854,279, 1855,279, 1856,278, 1857,277, 1858,277, 1859,276, 1860,275, 1861,275, 1862,274, 1863,274, 1864,274, 1865,274, 1866,274, 1867,274, 1868,274, 1869,274, 1870,274, 1871,274, 1872,274, 1873,274, 1874,274, 1875,274, 1876,274, 1877,274, 1878,274, 1879,274, 1880,274, 1881,274, 1882,275, 1883,275, 1884,275, 1885,275, 1886,275, 1887,275, 1888,275, 1889,275, 1890,275, 1891,275, 1892,275, 1893,275, 1894,275, 1895,275, 1896,275, 1897,275, 1898,275, 1899,276, 1899,277, 1899,278, 1899,279, 1899,280, 1900,281, 1901,282, 1902,283, 1903,284, 1904,285, 1905,286, 1906,287, 1907,288, 1907,289, 1907,290, 1907,291, 1907,292, 1907,293, 1907,294, 1906,295, 1906,296, 1906,297, 1906,298, 1906,299, 1906,300, 1905,301, 1905,302, 1904,303, 1903,304, 1903,305, 1902,306, 1902,307, 1901,308, 1901,309, 1900,310, 1900,311, 1899,312, 1898,313, 1898,314, 1897,315, 1896,315, 1895,316, 1894,317, 1893,317, 1892,318, 1891,319, 1890,320, 1889,320, 1888,321, 1887,322, 1886,322, 1885,323, 1884,324, 1883,325, 1882,325, 1881,326, 1880,327, 1879,328, 1878,329, 1877,330, 1876,331, 1875,332, 1874,332, 1873,333, 1872,334, 1871,335, 1870,336, 1869,337, 1868,338, 1867,339, 1866,340, 1865,341, 1864,341, 1863,342, 1862,343, 1861,344, 1860,345, 1859,346, 1858,347, 1857,348, 1856,349, 1855,349, 1854,350, 1853,351, 1852,352, 1851,353, 1850,354, 1849,355, 1848,356, 1847,357, 1846,357, 1845,358, 1844,359, 1843,360, 1842,361, 1841,362, 1840,363, 1839,364, 1838,365, 1837,366, 1836,367, 1835,368, 1834,369, 1833,370, 1832,371, 1831,372, 1831,373, 1830,374, 1829,375, 1828,376, 1827,377, 1827,378, 1826,379, 1825,380, 1824,381, 1823,382, 1822,383, 1822,384, 1821,385, 1820,386, 1819,387, 1818,388, 1818,389, 1817,390, 1816,391, 1815,392, 1814,393, 1814,394, 1813,395, 1812,396, 1811,397, 1810,398, 1810,399, 1809,400, 1808,401, 1807,402, 1806,403, 1806,404, 1805,405, 1804,406, 1803,407, 1802,408, 1802,409, 1801,410, 1800,411, 1799,412, 1798,413, 1797,414, 1797,415, 1796,416, 1795,417, 1794,418, 1793,419, 1793,420, 1792,421, 1791,422, 1790,423, 1789,424, 1789,425, 1788,426, 1787,427, 1786,428, 1785,429, 1785,430, 1784,431, 1783,432, 1782,433, 1781,434, 1781,435, 1780,436, 1779,437, 1778,438, 1777,439, 1777,440, 1776,441, 1775,442, 1774,443, 1773,444, 1772,445, 1772,446, 1771,447, 1770,448, 1769,449, 1768,450, 1768,451, 1767,452, 1766,453, 1765,454, 1764,455, 1764,456, 1763,457, 1762,458, 1761,459, 1761,460, 1760,461, 1760,462, 1759,463, 1759,464, 1758,465, 1757,466, 1757,467, 1756,468, 1756,469, 1755,470, 1755,471, 1754,472, 1753,473, 1753,474, 1752,475, 1752,476, 1751,477, 1751,478, 1750,479, 1749,480, 1749,481, 1748,482, 1748,483, 1747,484, 1747,485, 1746,486, 1745,487, 1745,488, 1744,489, 1744,490, 1743,491, 1743,492, 1742,493, 1741,494, 1741,495, 1740,496, 1740,497, 1739,498, 1739,499, 1738,500, 1737,501, 1737,502, 1736,503, 1736,504, 1735,505, 1735,506, 1734,507, 1733,508, 1733,509, 1732,510, 1732,511, 1731,512, 1731,513, 1730,514, 1729,515, 1729,516, 1728,517, 1728,518, 1727,519, 1727,520, 1726,521, 1725,522, 1725,523, 1724,524, 1724,525, 1723,526, 1723,527, 1722,528, 1721,529, 1721,530, 1720,531, 1720,532, 1719,533, 1719,534, 1718,535, 1718,536, 1717,537, 1717,538, 1716,539, 1715,540, 1715,541, 1714,542, 1714,543, 1713,544, 1713,545, 1712,546, 1712,547, 1711,548, 1710,549, 1710,550, 1709,551, 1709,552, 1708,553, 1708,554, 1707,555, 1707,556, 1706,557, 1706,558, 1705,559, 1704,560, 1704,561, 1703,562, 1703,563, 1702,564, 1702,564, 1701,564, 1700,565, 1699,565, 1698,565, 1697,566, 1696,566, 1695,566, 1694,567, 1693,567, 1692,567, 1691,568, 1690,568, 1689,568, 1688,569, 1687,569, 1686,569, 1685,569, 1684,568, 1683,567, 1682,566, 1681,566, 1680,565, 1679,564, 1678,563, 1677,562, 1677,561, 1677,560, 1677,559, 1677,558, 1677,557, 1677
0,1105, 1632,1104, 1633,1104, 1634,1103, 1635,1102, 1636,1101, 1636,1100, 1636,1099, 1636,1098, 1636,1097, 1636,1096, 1636,1095, 1636,1094, 1636,1093, 1636,1092, 1636,1091, 1636,1090, 1636,1089, 1636,1088, 1637,1088, 1638,1087, 1639,1086, 1640,1085, 1640,1084, 1640,1083, 1640,1082, 1640,1081, 1640,1080, 1641,1080, 1642,1079, 1643,1078, 1644,1077, 1644,1076, 1644,1075, 1644,1074, 1644,1073, 1644,1072, 1644,1071, 1644,1070, 1644,1069, 1644,1068, 1645,1068, 1646,1067, 1647,1066, 1648,1065, 1648,1064, 1648,1063, 1648,1062, 1648,1061, 1648,1060, 1649,1060, 1650,1059, 1651,1058, 1652,1057, 1652,1056, 1652,1055, 1652,1054, 1652,1053, 1652,1052, 1653,1052, 1654,1051, 1655,1050, 1656,1049, 1656,1048, 1656,1047, 1656,1046, 1656,1045, 1656,1044, 1657,1044, 1658,1043, 1659,1042, 1660,1041, 1660,1040, 1661,1040, 1662,1039, 1663,1038, 1664,1037, 1664,1036, 1664,1035, 1664,1034, 1664,1033, 1664,1032, 1665,1032, 1666,1031, 1667,1030, 1668,1029, 1668,1028, 1668,1027, 1668,1026, 1668,1025, 1668,1024, 1669,1024, 1670,1024, 1671,1024, 1672,1024, 1673,1024, 1674,1023, 1675,1022, 1676,1021, 1676,1020, 1677,1020, 1678,1019, 1679,1018, 1680,1017, 1680,1016, 1681,1016, 1682,1015, 1683,1014, 1684,1013, 1684,1012, 1685,1012, 1686,1011, 1687,1010, 1688,1009, 1688,1008, 1689,1008, 1690,1007, 1691,1006, 1692,1005, 1692,1004, 1693,1004, 1694,1003, 1695,1002, 1696,1001, 1696,1000, 1697,1000, 1698,999, 1699,998, 1700,997, 1700,996, 1700,995, 1700,994, 1700,993, 1700,992, 1701,992, 1702,992, 1703,992, 1704,992, 1705,992, 1706,992, 1707,992, 1708,992, 1709,992, 1710,992, 1711,992, 1712,992, 1713,992, 1714,992, 1715,992, 1716,992, 1717,992, 1718,992, 1719,992, 1720,992, 1721,992, 1722,992, 1723,992, 1724,992, 1725,992, 1726,991, 1727,990, 1728,989, 1728,988, 1729,988, 1730,988, 1731,988, 1732,988, 1733,988, 1734,988, 1735,988, 1736,988, 1737,988, 1738,988, 1739,988, 1740,988, 1741,988, 1742,988, 1743,988, 1744,988, 1745,988, 1746,988, 1747,988, 1748,988, 1749,988, 1750,989, 1751,990, 1751,991, 1752,992, 1753,992, 1754,993, 1755,994, 1755,995, 1756,996, 1757,996, 1758,997, 1759,998, 1759,999, 1760,1000, 1761,1000, 1762,1000, 1763,1000, 1764,1000, 1765,1000, 1766,1001, 1767,1002, 1767,1003, 1768,1004, 1769,1004, 1770,1004, 1771,1004, 1772,1004, 1773,1004, 1774,1005, 1775,1006, 1775,1007, 1776,1008, 1777,1008, 1778,1009, 1779,1010, 1779,1011, 1779,1012, 1779,1013, 1779,1014, 1779,1015, 1779,1016, 1779,1017, 1779,1018, 1779,1019, 1779,1020, 1779,1021, 1779,1022, 1779,1023, 1779,1024, 1779,1025, 1779,1026, 1779,1027, 1779,1028, 1779,1029, 1779,1030, 1779,1031, 1779,1032, 1779,1033, 1779,1034, 1779,1035, 1779,1036, 1779,1037, 1779,1038, 1779,1039, 1779,1040, 1779,1041, 1779,1042, 1779,1043, 1779,1044, 1779,1045, 1779,1046, 1779,1047, 1779,1048, 1779,1049, 1779,1050, 1779,1051, 1779,1052, 1779,1053, 1779,1054, 1779,1055, 1778,1055, 1777,1056, 1776,1057, 1775,1058, 1775,1059, 1774,1059, 1773,1060, 1772,1061, 1771,1062, 1771,1063, 1771,1064, 1771,1065, 1771,1066, 1771,1067, 1771,1068, 1771,1069, 1771,1070, 1771,1071, 1771,1072, 1771,1073, 1771,1074, 1771,1075, 1770,1075, 1769,1076, 1768,1077, 1767,1078, 1767,1079, 1767,1080, 1767,1081, 1767,1082, 1767,1083, 1767,1084, 1767,1085, 1767,1086, 1767,1087, 1767,1088, 1767,1089, 1767,1090, 1767,1091, 1766,1091, 1765,1092, 1764,1093, 1763,1094, 1763,1095, 1763,1096, 1763,1097, 1763,1098, 1763,1099, 1763,1100, 1763,1101, 1763,1102, 1763,1103, 1763,1104, 1763,1105, 1763,1106, 1763,1107, 1762,1107, 1761,1108, 1760,1109, 1759,1110, 1759,1111, 1758,1111, 1757,1112, 1756,1113, 1755,1114, 1755,1115, 1755,1116, 1755,1117, 1755,1118, 1755,1119, 1754,1119, 1753,1120, 1752,1121, 1751,1122, 1751,1123, 1750,1123, 1749,1124, 1748,1125, 1747,1126, 1747,1127, 1747,1128, 1747,1129, 1747,1130, 1747,1131, 1746,1131, 1745,1132, 1744,1133, 1743,1134, 1743,1135, 1742,1135, 1741,1136, 1740,1137, 1739,1138, 1739,1139, 1738,1139, 1737,1140, 1736,1141, 1735,1142, 1735,1143, 1735,1144, 1735,1145, 1735,1146, 1735,1147, 1734,1147, 1733,1148, 1732,1149, 1731,1150, 1731,1151, 1730,1151, 1729,1151, 1728,1151, 1727,1151, 1726,1151, 1725,1151, 1724,1151, 1723,1151, 1722,1151, 1721,1152, 1720,1153, 1719,1154, 1719,1155, 1718,1155, 1717,1155, 1716,1155, 1715,1155, 1714,1155, 1713,1156, 1712,1157, 1711,1158, 1711,1159, 1710,1159, 1709,1160, 1708,1161, 1707,1162, 1707,1163, 1706,1163, 1705,1164, 1704,1165, 1703,1166, 1703,1167, 1703,1168, 1703,1169, 1703,1170, 1703,1171, 1702,1170, 1701,1170, 1700,1169, 1700,1168, 1699,1168, 1698,1167, 1697,1168, 1696,1169, 1695,1170, 1694,1171, 1693,1172, 1692,1173, 1691,1174, 1691,1175, 1691,1176, 1691,1177, 1691,1178, 1691,1179, 1690,1179, 1689,1179, 1688,1179, 1687,1179, 1686,1179, 1685,1179, 1684,1179, 1683,1179, 1682,1179, 1681,1180, 1680,1181, 1679,1182, 1679,1183, 1678,1183, 1677,1183, 1676,1183, 1675,1183, 1674,1183, 1673,1183, 1672,1183, 1671,1183, 1670,1183, 1669,1182, 1668,1181, 1668,1180, 1667,1179, 1666,1179, 1665,1178, 1664,1177, 1664,1176, 1663,1175, 1662,1175, 1661,1175, 1660,1175, 1659,1175, 1658,1175, 1657,1174, 1656,1173, 1656,1172, 1655,1171, 1654,1171, 1653,1170, 1652,1169, 1652,1168, 1652,1167, 1652,1166, 1652,1165, 1652,1164, 1651,1163, 1650,1163, 1649,1162, 1648,1161, 1648,1160, 1648,1159, 1648,1158, 1648,1157, 1648,1156, 1647,1155, 1646,1155, 1645,1154, 1644,1153, 1644,1152, 1644,1151, 1644,1150, 1644,1149, 1644,1148, 1644,1147, 1644,1146, 1644,1145, 1644,1144, 1643,1143, 1642,1143, 1641,1142, 1640,1141, 1640,1140, 1640,1139, 1640,1138, 1640,1137, 1640,1136, 1639,1135, 1638,1135, 1637,1134, 1636,1133, 1636,1132, 1636,1131, 1636,1130, 1636,1129, 1636,1128, 1636,1127, 1636,1126, 1636,1125, 1636,1124, 1636,1123, 1636,1122, 1636,1121, 1636,1120, 1635,1119, 1634,1119, 1633,1118, 1632,1117, 1632,1116, 1632,1115, 1632,1114, 1632,1113, 1632,1112, 1632,1111, 1632,1110, 1632,1109, 1632,1108, 1632,1107, 1632,1106, 1632
0,1137, 1044,1136, 1045,1136, 1046,1135, 1047,1134, 1048,1133, 1048,1132, 1048,1131, 1048,1130, 1048,1129, 1048,1128, 1049,1128, 1050,1127, 1051,1126, 1052,1125, 1052,1124, 1053,1124, 1054,1123, 1055,1122, 1056,1121, 1056,1120, 1056,1119, 1056,1118, 1056,1117, 1056,1116, 1057,1116, 1058,1115, 1059,1114, 1060,1113, 1060,1112, 1061,1112, 1062,1112, 1063,1112, 1064,1112, 1065,1112, 1066,1111, 1067,1110, 1068,1109, 1068,1108, 1069,1108, 1070,1108, 1071,1108, 1072,1108, 1073,1108, 1074,1108, 1075,1108, 1076,1108, 1077,1108, 1078,1108, 1079,1108, 1080,1108, 1081,1108, 1082,1108, 1083,1108, 1084,1108, 1085,1108, 1086,1108, 1087,1108, 1088,1108, 1089,1108, 1090,1109, 1091,1110, 1091,1111, 1092,1112, 1093,1112, 1094,1112, 1095,1112, 1096,1112, 1097,1112, 1098,1112, 1099,1112, 1100,1112, 1101,1112, 1102,1111, 1103,1110, 1104,1109, 1104,1108, 1105,1108, 1106,1108, 1107,1108, 1108,1108, 1109,1108, 1110,1108, 1111,1108, 1112,1108, 1113,1108, 1114,1109, 1115,1110, 1115,1111, 1116,1112, 1117,1112, 1118,1112, 1119,1112, 1120,1112, 1121,1112, 1122,1113, 1123,1114, 1123,1115, 1124,1116, 1125,1116, 1126,1116, 1127,1116, 1128,1116, 1129,1116, 1130,1116, 1131,1116, 1132,1116, 1133,1116, 1134,1116, 1135,1116, 1136,1116, 1137,1116, 1138,1116, 1139,1116, 1140,1116, 1141,1116, 1142,1116, 1143,1116, 1144,1116, 1145,1116, 1146,1116, 1147,1116, 1148,1116, 1149,1116, 1150,1116, 1151,1116, 1152,1116, 1153,1116, 1154,1117, 1155,1118, 1155,1119, 1156,1120, 1157,1120, 1158,1120, 1159,1120, 1160,1120, 1161,1120, 1162,1121, 1163,1122, 1163,1123, 1164,1124, 1165,1124, 1166,1124, 1167,1124, 1168,1124, 1169,1124, 1170,1124, 1171,1124, 1172,1124, 1173,1124, 1174,1124, 1175,1124, 1176,1124, 1177,1124, 1178,1125, 1179,1126, 1179,1127, 1180,1128, 1181,1128, 1182,1128, 1183,1128, 1184,1128, 1185,1128, 1186,1128, 1187,1128, 1188,1128, 1189,1128, 1190,1128, 1191,1128, 1192,1128, 1193,1128, 1194,1128, 1195,1128, 1196,1128, 1197,1128, 1198,1128, 1199,1128, 1200,1128, 1201,1128, 1202,1128, 1203,1128, 1204,1128, 1205,1128, 1206,1128, 1207,1128, 1208,1128, 1209,1128, 1210,1128, 1211,1128, 1212,1128, 1213,1128, 1214,1128, 1215,1128, 1216,1128, 1217,1128, 1218,1129, 1219,1130, 1219,1131, 1220,1132, 1221,1132, 1222,1132, 1223,1132, 1224,1132, 1225,1132, 1226,1132, 1227,1132, 1228,1132, 1229,1132, 1230,1132, 1231,1132, 1232,1132, 1233,1132, 1234,1132, 1235,1132, 1236,1132, 1237,1132, 1238,1132, 1239,1132, 1240,1132, 1241,1132, 1242,1132, 1243,1132, 1244,1132, 1245,1132, 1246,1133, 1247,1134, 1247,1135, 1248,1136, 1249,1136, 1250,1137, 1251,1138, 1251,1139, 1252,1140, 1253,1140, 1254,1141, 1255,1142, 1255,1143, 1256,1144, 1257,1144, 1258,1144, 1259,1144, 1260,1144, 1261,1145, 1262,1146, 1263,1147, 1264,1148, 1265,1148, 1266,1147, 1267,1146, 1268,1145, 1269,1144, 1269,1144, 1270,1144, 1271,1144, 1272,1144, 1273,1144, 1274,1145, 1275,1146, 1275,1147, 1275,1148, 1275,1149, 1275,1150, 1275,1151, 1275,1152, 1275,1153, 1275,1154, 1275,1155, 1275,1156, 1275,1157, 1275,1158, 1275,1159, 1275,1160, 1275,1161, 1275,1162, 1275,1163, 1275,1164, 1275,1165, 1275,1166, 1275,1167, 1275,1168, 1275,1169, 1275,1170, 1275,1171, 1274,1171, 1273,1172, 1272,1173, 1271,1174, 1271,1175, 1271,1176, 1271,1177, 1271,1178, 1271,1179, 1271,1180, 1271,1181, 1271,1182, 1271,1183, 1270,1183, 1269,1184, 1268,1185, 1267,1186, 1267,1187, 1267,1188, 1267,1189, 1267,1190, 1267,1191, 1267,1192, 1267,1193, 1267,1194, 1267,1195, 1266,1195, 1265,1196, 1264,1197, 1263,1198, 1263,1199, 1262,1199, 1261,1200, 1260,1201, 1259,1202, 1259,1203, 1258,1203, 1257,1204, 1256,1205, 1255,1206, 1255,1207, 1254,1207, 1253,1208, 1252,1209, 1251,1210, 1251,1211, 1251,1212, 1251,1213, 1251,1214, 1251,1215, 1250,1215, 1249,1215, 1248,1215, 1247,1215, 1246,1215, 1245,1215, 1244,1215, 1243,1215, 1242,1215, 1241,1216, 1240,1217, 1239,1218, 1239,1219, 1238,1219, 1237,1219, 1236,1219, 1235,1219, 1234,1219, 1233,1219, 1232,1219, 1231,1219, 1230,1219, 1229,1219, 1228,1219, 1227,1219, 1226,1219, 1225,1220, 1224,1221, 1223,1222, 1223,1223, 1222,1223, 1221,1223, 1220,1223, 1219,1223, 1218,1223, 1217,1223, 1216,1223, 1215,1223, 1214,1223, 1213,1224, 1212,1225, 1211,1226, 1211,1227, 1210,1227, 1209,1227, 1208,1227, 1207,1227, 1206,1227, 1205,1226, 1204,1225, 1204,1224, 1203,1223, 1202,1223, 1201,1223, 1200,1223, 1199,1223, 1198,1223, 1197,1223, 1196,1223, 1195,1223, 1194,1223, 1193,1224, 1192,1225, 1191,1226, 1191,1227, 1190,1227, 1189,1227, 1188,1227, 1187,1227, 1186,1227, 1185,1226, 1184,1225, 1184,1224, 1183,1223, 1182,1223, 1181,1223, 1180,1223, 1179,1223, 1178,1223, 1177,1223, 1176,1223, 1175,1223, 1174,1223, 1173,1223, 1172,1223, 1171,1223, 1170,1223, 1169,1222, 1168,1221, 1168,1220, 1167,1219, 1166,1219, 1165,1219, 1164,1219, 1163,1219, 1162,1219, 1161,1218, 1160,1217, 1160,1216, 1160,1215, 1160,1214, 1160,1213, 1160,1212, 1159,1211, 1158,1211, 1157,1211, 1156,1211, 1155,1211, 1154,1211, 1153,1211, 1152,1211, 1151,1211, 1150,1211, 1149,1210, 1148,1209, 1148,1208, 1147,1207, 1146,1207, 1145,1207, 1144,1207, 1143,1207, 1142,1207, 1141,1207, 1140,1207, 1139,1207, 1138,1207, 1137,1207, 1136,1207, 1135,1207, 1134,1207, 1133,1207, 1132,1207, 1131,1207, 1130,1207, 1129,1206, 1128,1205, 1128,1204, 1127,1203, 1126,1203, 1125,1203, 1124,1203, 1123,1203, 1122,1203, 1121,1202, 1120,1201, 1120,1200, 1119,1199, 1118,1199, 1117,1199, 1116,1199, 1115,1199, 1114,1199, 1113,1200, 1112,1201, 1111,1202, 1111,1203, 1110,1203, 1109,1204, 1108,1205, 1107,1206, 1107,1207, 1106,1207, 1105,1207, 1104,1207, 1103,1207, 1102,1207, 1101,1207, 1100,1207, 1099,1207, 1098,1207, 1097,1207, 1096,1207, 1095,1207, 1094,1207, 1093,1207, 1092,1207, 1091,1207, 1090,1207, 1089,1206, 1088,1205, 1088,1204, 1087,1203, 1086,1203, 1085,1202, 1084,1201, 1084,1200, 1083,1199, 1082,1199, 1081,1199, 1080,1199, 1079,1199, 1078,1199, 1077,1198, 1076,1197, 1076,1196, 1075,1195, 1074,1195, 1073,1195, 1072,1195, 1071,1195, 1070,1195, 1069,1194, 1068,1193, 1068,1192, 1067,1191, 1066,1191, 1065,1190, 1064,1189, 1064,1188, 1063,1187, 1062,1187, 1061,1186, 1060,1185, 1060,1184, 1059,1183, 1058,1183, 1057,1182, 1056,1181, 1056,1180, 1055,1179, 1054,1179, 1053,1179, 1052,1179, 1051,1179, 1050,1179, 1049,1178, 1048,1177, 1048,1176, 1048,1175, 1048,1174, 1048,1173, 1048,1172, 1048,1171, 1048,1170, 1048,1169, 1048,1168, 1047,1167, 1046,1167, 1045,1166, 1044,1165, 1044,1164, 1044,1163, 1044,1162, 1044,1161, 1044,1160, 1044,1159, 1044,1158, 1044,1157, 1044,1156, 1044,1155, 1044,1154, 1044,1153, 1044,1152, 1044,1151, 1044,1150, 1044,1149, 1044,1148, 1044,1147, 1044,1146, 1044,1145, 1044,1144, 1044,1143, 1044,1142, 1044,1141, 1044,1140, 1044,1139, 1044,1138, 1044
0,2466, 1009,2465, 1010,2464, 1010,2463, 1010,2462, 1010,2461, 1010,2460, 1011,2459, 1011,2458, 1011,2457, 1012,2456, 1012,2455, 1012,2454, 1012,2453, 1012,2452, 1012,2451, 1012,2450, 1012,2449, 1012,2448, 1012,2447, 1013,2446, 1013,2445, 1013,2444, 1013,2443, 1013,2442, 1014,2441, 1014,2440, 1014,2439, 1015,2438, 1015,2437, 1015,2436, 1016,2435, 1016,2434, 1016,2433, 1017,2432, 1017,2431, 1018,2430, 1019,2429, 1019,2428, 1020,2427, 1020,2426, 1021,2425, 1022,2424, 1023,2423, 1023,2422, 1024,2421, 1025,2420, 1026,2419, 1027,2418, 1028,2417, 1029,2417, 1030,2416, 1031,2415, 1032,2414, 1033,2414, 1034,2413, 1035,2413, 1036,2412, 1037,2411, 1038,2411, 1039,2410, 1040,2410, 1041,2410, 1042,2409, 1043,2409, 1044,2409, 1045,2408, 1046,2408, 1047,2408, 1048,2407, 1049,2407, 1050,2407, 1051,2407, 1052,2407, 1053,2406, 1054,2406, 1055,2406, 1056,2406, 1057,2406, 1058,2406, 1059,2406, 1060,2406, 1061,2406, 1062,2406, 1063,2406, 1064,2406, 1065,2406, 1066,2406, 1067,2407, 1068,2407, 1069,2407, 1070,2407, 1071,2407, 1072,2408, 1073,2408, 1074,2408, 1075,2409, 1076,2409, 1077,2409, 1078,2410, 1079,2410, 1080,2410, 1081,2411, 1082,2411, 1083,2412, 1084,2413, 1085,2413, 1086,2414, 1087,2414, 1088,2415, 1089,2416, 1090,2417, 1091,2417, 1092,2418, 1093,2419, 1094,2420, 1095,2421, 1096,2422, 1097,2423, 1098,2424, 1098,2425, 1099,2426, 1100,2427, 1101,2428, 1101,2429, 1102,2430, 1102,2431, 1103,2432, 1104,2433, 1104,2434, 1105,2435, 1105,2436, 1105,2437, 1106,2438, 1106,2439, 1106,2440, 1107,2441, 1107,2442, 1107,2443, 1108,2444, 1108,2445, 1108,2446, 1108,2447, 1108,2448, 1109,2449, 1109,2450, 1109,2451, 1109,2452, 1109,2453, 1109,2454, 1109,2455, 1109,2456, 1109,2457, 1109,2458, 1109,2459, 1109,2460, 1109,2461, 1109,2462, 1108,2463, 1108,2464, 1108,2465, 1108,2466, 1108,2467, 1107,2468, 1107,2469, 1107,2470, 1106,2471, 1107,2472, 1107,2473, 1108,2474, 1109,2475, 1109,2476, 1110,2477, 1110,2478, 1110,2479, 1111,2480, 1111,2481, 1111,2482, 1112,2483, 1112,2484, 1112,2485, 1113,2486, 1113,2487, 1113,2488, 1113,2489, 1113,2490, 1114,2491, 1114,2492, 1114,2493, 1114,2494, 1114,2495, 1115,2496, 1116,2497, 1116,2498, 1117,2499, 1117,2500, 1117,2501, 1118,2502, 1118,2503, 1118,2504, 1119,2505, 1119,2506, 1119,2507, 1120,2508, 1120,2509, 1120,2510, 1120,2511, 1120,2512, 1121,2513, 1121,2514, 1121,2515, 1121,2516, 1121,2517, 1121,2518, 1121,2519, 1121,2520, 1121,2521, 1121,2522, 1121,2523, 1121,2524, 1121,2525, 1122,2526, 1122,2527, 1122,2528, 1123,2529, 1123,2530, 1123,2531, 1124,2532, 1125,2533, 1126,2534, 1127,2535, 1127,2536, 1128,2537, 1129,2538, 1130,2539, 1130,2540, 1131,2541, 1131,2542, 1132,2543, 1133,2544, 1133,2545, 1134,2546, 1134,2547, 1134,2548, 1135,2549, 1135,2550, 1135,2551, 1136,2552, 1136,2553, 1136,2554, 1137,2555, 1137,2556, 1137,2557, 1137,2558, 1137,2559, 1138,2560, 1138,2561, 1138,2562, 1138,2563, 1138,2564, 1138,2565, 1138,2566, 1138,2567, 1138,2568, 1138,2569, 1138,2570, 1138,2571, 1138,2572, 1138,2573, 1137,2574, 1137,2575, 1137,2576, 1137,2577, 1137,2578, 1136,2579, 1136,2580, 1136,2581, 1135,2582, 1135,2583, 1135,2584, 1134,2585, 1134,2586, 1134,2587, 1133,2588, 1133,2589, 1132,2590, 1131,2591, 1131,2592, 1130,2593, 1130,2594, 1129,2595, 1128,2596, 1127,2597, 1127,2598, 1126,2599, 1125,2600, 1124,2601, 1123,2602, 1122,2603, 1121,2603, 1120,2604, 1119,2605, 1118,2606, 1117,2606, 1116,2607, 1115,2607, 1114,2608, 1113,2609, 1112,2609, 1111,2610, 1110,2610, 1109,2610, 1108,2611, 1107,2611, 1106,2611, 1105,2612, 1104,2612, 1103,2612, 1102,2613, 1101,2613, 1100,2613, 1099,2613, 1098,2613, 1097,2614, 1096,2614, 1095,2614, 1094,2614, 1093,2614, 1092,2614, 1091,2614, 1090,2614, 1089,2614, 1088,2614, 1087,2614, 1086,2614, 1085,2614, 1084,2614, 1083,2613, 1082,2613, 1081,2613, 1080,2613, 1079,2613, 1078,2612, 1077,2612, 1076,2612, 1075,2611, 1074,2611, 1073,2611, 1072,2610, 1071,2610, 1070,2610, 1069,2609, 1068,2609, 1067,2608, 1066,2607, 1065,2607, 1064,2606, 1063,2606, 1062,2605, 1061,2604, 1060,2603, 1059,2603, 1058,2602, 1057,2601, 1056,2600, 1055,2599, 1054,2598, 1053,2597, 1052,2596, 1052,2595, 1051,2594, 1050,2593, 1049,2592, 1049,2591, 1048,2590, 1048,2589, 1047,2588, 1046,2587, 1046,2586, 1045,2585, 1045,2584, 1045,2583, 1044,2582, 1044,2581, 1044,2580, 1043,2579, 1043,2578, 1043,2577, 1042,2576, 1041,2575, 1040,2574, 1039,2573, 1039,2572, 1038,2571, 1037,2570, 1036,2569, 1036,2568, 1035,2567, 1035,2566, 1034,2565, 1033,2564, 1033,2563, 1032,2562, 1032,2561, 1032,2560, 1031,2559, 1031,2558, 1031,2557, 1030,2556, 1030,2555, 1030,2554, 1029,2553, 1029,2552, 1029,2551, 1029,2550, 1029,2549, 1028,2548, 1028,2547, 1028,2546, 1028,2545, 1028,2544, 1028,2543, 1028,2542, 1028,2541, 1028,2540, 1028,2539, 1028,2538, 1028,2537, 1028,2536, 1027,2535, 1027,2534, 1027,2533, 1026,2532, 1026,2531, 1026,2530, 1025,2529, 1025,2528, 1025,2527, 1025,2526, 1025,2525, 1024,2524, 1024,2523, 1024,2522, 1024,2521, 1024,2520, 1023,2519, 1022,2518, 1022,2517, 1021,2516, 1021,2515, 1021,2514, 1020,2513, 1020,2512, 1020,2511, 1019,2510, 1019,2509, 1019,2508, 1018,2507, 1018,2506, 1018,2505, 1018,2504, 1018,2503, 1017,2502, 1017,2501, 1017,2500, 1017,2499, 1017,2498, 1016,2497, 1016,2496, 1015,2495, 1014,2494, 1014,2493, 1013,2492, 1013,2491, 1013,2490, 1012,2489, 1012,2488, 1012,2487, 1011,2486, 1011,2485, 1011,2484, 1010,2483, 1010,2482, 1010,2481, 1010,2480, 1010,2479, 1009,2478, 1009,2477, 1009,2476, 1009,2475, 1009,2474, 1009,2473, 1009,2472, 1009,2471, 1009,2470, 1009,2469, 1009,2468, 1009,2467, 1009
0,1769, 972,1768, 973,1768, 974,1768, 975,1768, 976,1768, 977,1768, 978,1769, 978,1770, 979,1771, 980,1772, 981,1771, 982,1771, 983,1770, 984,1769, 984,1768, 985,1768, 986,1769, 987,1770, 988,1771, 989,1772, 990,1772, 991,1772, 992,1772, 993,1772, 994,1773, 995,1774, 995,1775, 996,1776, 997,1776, 998,1776, 999,1776, 1000,1776, 1001,1776, 1002,1777, 1003,1778, 1003,1779, 1004,1780, 1005,1780, 1006,1780, 1007,1780, 1008,1780, 1009,1780, 1010,1781, 1011,1782, 1011,1783, 1012,1784, 1013,1784, 1014,1785, 1015,1786, 1015,1787, 1016,1788, 1017,1788, 1018,1788, 1019,1788, 1020,1788, 1021,1789, 1022,1790, 1023,1791, 1024,1792, 1025,1792, 1026,1791, 1027,1790, 1028,1789, 1029,1788, 1029,1788, 1030,1788, 1031,1788, 1032,1788, 1033,1788, 1034,1789, 1035,1790, 1035,1791, 1035,1792, 1035,1793, 1035,1794, 1035,1795, 1035,1796, 1035,1797, 1035,1798, 1035,1799, 1036,1800, 1037,1800, 1038,1800, 1039,1800, 1040,1800, 1041,1800, 1042,1801, 1043,1802, 1043,1803, 1044,1804, 1045,1804, 1046,1805, 1047,1806, 1047,1807, 1047,1808, 1047,1809, 1047,1810, 1047,1811, 1047,1812, 1047,1813, 1047,1814, 1047,1815, 1048,1816, 1049,1816, 1050,1816, 1051,1816, 1052,1816, 1053,1816, 1054,1817, 1055,1818, 1055,1819, 1055,1820, 1055,1821, 1055,1822, 1055,1823, 1056,1824, 1057,1824, 1058,1825, 1059,1826, 1059,1827, 1060,1828, 1061,1828, 1062,1829, 1063,1830, 1063,1831, 1064,1832, 1065,1832, 1066,1832, 1067,1832, 1068,1832, 1069,1832, 1070,1833, 1071,1834, 1071,1835, 1071,1836, 1071,1837, 1071,1838, 1071,1839, 1072,1840, 1073,1840, 1074,1841, 1075,1842, 1075,1843, 1076,1844, 1077,1844, 1078,1845, 1079,1846, 1079,1847, 1079,1848, 1079,1849, 1079,1850, 1079,1851, 1080,1852, 1081,1852, 1082,1853, 1083,1854, 1083,1855, 1084,1856, 1085,1856, 1086,1857, 1087,1858, 1087,1859, 1087,1860, 1087,1861, 1087,1862, 1087,1863, 1088,1864, 1089,1864, 1090,1865, 1091,1866, 1091,1867, 1092,1868, 1093,1868, 1094,1868, 1095,1868, 1096,1868, 1097,1868, 1098,1869, 1099,1870, 1099,1871, 1100,1872, 1101,1872, 1102,1873, 1103,1874, 1103,1875, 1103,1876, 1103,1877, 1103,1878, 1103,1879, 1103,1880, 1103,1881, 1103,1882, 1103,1883, 1104,1884, 1105,1884, 1106,1885, 1107,1886, 1107,1887, 1107,1888, 1107,1889, 1107,1890, 1107,1891, 1108,1892, 1109,1892, 1110,1893, 1111,1894, 1111,1895, 1111,1896, 1111,1897, 1111,1898, 1111,1899, 1112,1900, 1113,1900, 1114,1901, 1115,1902, 1115,1903, 1116,1904, 1117,1904, 1118,1905, 1119,1906, 1119,1907, 1119,1908, 1119,1909, 1119,1910, 1119,1911, 1119,1912, 1119,1913, 1119,1914, 1119,1915, 1119,1916, 1119,1917, 1119,1918, 1119,1919, 1119,1920, 1119,1921, 1119,1922, 1119,1923, 1119,1924, 1119,1925, 1119,1926, 1119,1927, 1119,1928, 1119,1929, 1119,1930, 1119,1931, 1119,1932, 1119,1933, 1119,1934, 1119,1935, 1119,1936, 1119,1937, 1119,1938, 1119,1939, 1118,1939, 1117,1940, 1116,1941, 1115,1942, 1115,1943, 1115,1944, 1115,1945, 1115,1946, 1115,1947, 1115,1948, 1115,1949, 1115,1950, 1115,1951, 1114,1951, 1113,1952, 1112,1953, 1111,1954, 1111,1955, 1111,1956, 1111,1957, 1111,1958, 1111,1959, 1110,1959, 1109,1960, 1108,1961, 1107,1962, 1107,1963, 1106,1963, 1105,1964, 1104,1965, 1103,1966, 1103,1967, 1102,1967, 1101,1968, 1100,1969, 1099,1970, 1099,1971, 1098,1971, 1097,1972, 1096,1973, 1095,1974, 1095,1975, 1094,1975, 1093,1975, 1092,1975, 1091,1975, 1090,1975, 1089,1976, 1088,1977, 1087,1978, 1087,1979, 1087,1980, 1087,1981, 1087,1982, 1087,1983, 1086,1983, 1085,1983, 1084,1983, 1083,1983, 1082,1983, 1081,1984, 1080,1985, 1079,1986, 1079,1987, 1078,1987, 1077,1987, 1076,1987, 1075,1987, 1074,1987, 1073,1988, 1072,1989, 1071,1990, 1071,1991, 1071,1992, 1071,1993, 1071,1994, 1071,1995, 1070,1995, 1069,1996, 1068,1997, 1067,1998, 1067,1999, 1066,1999, 1065,1999, 1064,1999, 1063,1999, 1062,1999, 1061,1999, 1060,1999, 1059,1999, 1058,1999, 1057,2000, 1056,2001, 1055,2002, 1055,2003, 1054,2003, 1053,2004, 1052,2005, 1051,2006, 1051,2007, 1050,2007, 1049,2007, 1048,2007, 1047,2007, 1046,2007, 1045,2007, 1044,2007, 1043,2007, 1042,2007, 1041,2007, 1040,2007, 1039,2007, 1038,2007, 1037,2006, 1036,2005, 1036,2004, 1035,2003, 1034,2003, 1033,2003, 1032,2003, 1031,2003, 1030,2003, 1029,2002, 1028,2001, 1028,2000, 1027,1999, 1026,1999, 1025,1998, 1024,1997, 1024,1996, 1024,1995, 1024,1994, 1024,1993, 1024,1992, 1023,1991, 1022,1991, 1021,1990, 1020,1989, 1020,1988, 1019,1987, 1018,1987, 1017,1986, 1016,1985, 1016,1984, 1015,1983, 1014,1983, 1013,1982, 1012,1981, 1012,1980, 1012,1979, 1012,1978, 1012,1977, 1012,1976, 1012,1975, 1012,1974, 1012,1973, 1011,1972, 1010,1971, 1009,1970, 1008,1969, 1008,1968, 1009,1967, 1010,1966, 1011,1966, 1012,1965, 1013,1964, 1014,1963, 1015,1962, 1016,1961, 1015,1960, 1015,1959, 1014,1959, 1013,1958, 1013,1957, 1012,1956, 1013,1955, 1014,1954, 1015,1953, 1016,1952, 1016,1951, 1016,1950, 1016,1949, 1016,1948, 1016,1947, 1016,1946, 1016,1945, 1016,1944, 1016,1943, 1016,1942, 1016,1941, 1016,1940, 1016,1939, 1016,1938, 1016,1937, 1016,1936, 1016,1935, 1016,1934, 1016,1933, 1016,1932, 1017,1932, 1018,1931, 1019,1930, 1020,1929, 1021,1928, 1022,1927, 1023,1926, 1024,1925, 1024,1924, 1023,1923, 1022,1922, 1021,1921, 1020,1920, 1020,1919, 1020,1918, 1020,1917, 1020,1916, 1020,1915, 1020,1914, 1020,1913, 1020,1912, 1020,1911, 1020,1910, 1020,1909, 1020,1908, 1020,1907, 1020,1906, 1020,1905, 1020,1904, 1019,1903, 1018,1903, 1017,1902, 1016,1901, 1016,1900, 1016,1899, 1016,1898, 1016,1897, 1016,1896, 1016,1895, 1016,1894, 1016,1893, 1016,1892, 1016,1891, 1016,1890, 1016,1889, 1015,1888, 1014,1887, 1013,1886, 1012,1885, 1012,1884, 1013,1883, 1014,1882, 1015,1881, 1016,1880, 1016,1879, 1016,1878, 1016,1877, 1016,1876, 1016,1875, 1016,1874, 1016,1873, 1016,1872, 1016,1871, 1016,1870, 1016,1869, 1016,1868, 1015,1867, 1014,1867, 1013,1866, 1012,1865, 1011,1864, 1010,1863, 1009,1862, 1008,1861, 1009,1860, 1009,1860, 1010,1859, 1011,1858, 1011,1857, 1012,1856, 1011,1855, 1010,1854, 1009,1853, 1008,1852, 1007,1851, 1006,1851, 1005,1850, 1004,1849, 1004,1848, 1004,1847, 1004,1846, 1004,1845, 1004,1844, 1004,1843, 1004,1842, 1004,1841, 1004,1840, 1004,1839, 1004,1838, 1004,1837, 1004,1836, 1003,1835, 1002,1835, 1001,1835, 1000,1835, 999,1835, 998,1835, 997,1834, 996,1833, 996,1832, 995,1831, 994,1831, 993,1830, 992,1829, 992,1828, 992,1827, 992,1826, 992,1825, 992,1824, 991,1823, 990,1823, 989,1822, 988,1821, 988,1820, 988,1819, 988,1818, 988,1817, 988,1816, 987,1815, 986,1815, 985,1814, 984,1813, 984,1812, 983,1811, 982,1811, 981,1810, 980,1809, 980,1808, 980,1807, 980,1806, 980,1805, 980,1804, 980,1803, 980,1802, 980,1801, 980,1800, 979,1799, 978,1799, 977,1798, 976,1797, 976,1796, 975,1795, 974,1795, 973,1794, 972,1793, 972,1792, 972,1791, 972,1790, 972,1789, 973,1788, 974,1787, 975,1786, 976,1785, 976,1784, 975,1783, 974,1782, 973,1781, 972,1780, 972,1779, 972,1778, 972,1777, 972,1776, 972,1775, 972,1774, 972,1773, 972,1772, 972,1771, 972,1770, 972
0,1320, 894,1319, 895,1318, 895,1317, 895,1316, 896,1315, 896,1314, 896,1313, 897,1312, 897,1311, 897,1310, 898,1309, 898,1308, 898,1307, 899,1306, 899,1305, 899,1304, 900,1303, 900,1302, 900,1301, 901,1300, 901,1299, 901,1298, 901,1297, 902,1296, 902,1295, 902,1294, 903,1293, 903,1292, 903,1291, 904,1290, 904,1289, 904,1288, 905,1287, 905,1287, 906,1286, 907,1285, 908,1285, 909,1284, 910,1284, 911,1283, 912,1283, 913,1282, 914,1281, 915,1281, 916,1280, 917,1280, 918,1279, 919,1278, 920,1278, 921,1277, 922,1277, 923,1276, 924,1276, 925,1275, 926,1274, 927,1274, 928,1273, 929,1273, 930,1272, 931,1272, 932,1271, 933,1270, 934,1270, 935,1269, 936,1269, 937,1268, 938,1268, 939,1268, 940,1268, 941,1268, 942,1269, 943,1269, 944,1269, 945,1270, 946,1270, 947,1270, 948,1271, 949,1271, 950,1271, 951,1272, 952,1272, 953,1272, 954,1273, 955,1273, 956,1273, 957,1274, 958,1274, 959,1274, 960,1275, 961,1275, 962,1275, 963,1276, 964,1276, 965,1276, 966,1276, 967,1277, 968,1277, 969,1277, 970,1278, 971,1278, 972,1278, 973,1279, 974,1279, 975,1279, 976,1280, 977,1280, 978,1280, 979,1281, 980,1281, 981,1281, 982,1282, 983,1282, 984,1282, 985,1283, 986,1283, 987,1283, 988,1284, 989,1284, 990,1284, 991,1285, 992,1285, 993,1285, 994,1285, 995,1286, 996,1286, 997,1286, 998,1287, 999,1287, 1000,1287, 1001,1288, 1002,1288, 1003,1289, 1004,1290, 1005,1291, 1006,1291, 1007,1292, 1008,1293, 1009,1294, 1010,1295, 1011,1296, 1012,1297, 1013,1297, 1014,1298, 1015,1299, 1016,1300, 1017,1301, 1018,1302, 1019,1303, 1020,1304, 1021,1304, 1022,1305, 1023,1306, 1024,1307, 1025,1308, 1026,1309, 1027,1310, 1028,1310, 1029,1311, 1030,1312, 1031,1313, 1032,1314, 1033,1315, 1034,1316, 1035,1316, 1036,1317, 1037,1318, 1038,1319, 1039,1320, 1040,1321, 1041,1322, 1042,1323, 1043,1323, 1044,1324, 1045,1325, 1046,1326, 1047,1327, 1048,1328, 1049,1329, 1050,1329, 1051,1330, 1052,1331, 1053,1332, 1054,1333, 1055,1334, 1056,1335, 1057,1336, 1058,1336, 1059,1337, 1060,1338, 1061,1339, 1062,1340, 1063,1341, 1064,1342, 1065,1342, 1066,1343, 1067,1344, 1068,1345, 1069,1346, 1070,1347, 1071,1348, 1072,1348, 1073,1349, 1074,1350, 1075,1351, 1076,1352, 1077,1353, 1078,1354, 1079,1355, 1080,1355, 1081,1356, 1082,1357, 1083,1358, 1084,1359, 1085,1360, 1086,1361, 1087,1361, 1088,1362, 1089,1363, 1090,1364, 1091,1364, 1092,1364, 1093,1365, 1093,1366, 1093,1367, 1093,1368, 1094,1369, 1094,1370, 1094,1371, 1094,1372, 1094,1373, 1095,1374, 1095,1375, 1095,1376, 1095,1377, 1096,1378, 1096,1379, 1096,1380, 1096,1381, 1096,1382, 1096,1383, 1096,1384, 1096,1385, 1096,1386, 1097,1387, 1097,1388, 1097,1389, 1097,1390, 1097,1391, 1097,1392, 1097,1393, 1097,1394, 1097,1395, 1097,1396, 1097,1397, 1097,1398, 1097,1399, 1097,1400, 1097,1401, 1097,1402, 1097,1403, 1097,1404, 1097,1405, 1097,1406, 1097,1407, 1097,1408, 1098,1409, 1098,1410, 1098,1411, 1098,1412, 1097,1413, 1097,1414, 1097,1415, 1096,1416, 1096,1417, 1096,1418, 1095,1419, 1095,1420, 1095,1421, 1094,1422, 1094,1423, 1094,1424, 1093,1425, 1093,1426, 1093,1427, 1092,1428, 1092,1429, 1092,1430, 1091,1431, 1091,1432, 1091,1433, 1090,1434, 1090,1435, 1090,1436, 1089,1437, 1089,1438, 1089,1439, 1088,1440, 1088,1441, 1088,1442, 1087,1443, 1086,1443, 1085,1443, 1084,1444, 1083,1444, 1082,1445, 1081,1445, 1080,1446, 1079,1446, 1078,1447, 1077,1447, 1076,1447, 1075,1448, 1074,1448, 1073,1449, 1072,1449, 1071,1450, 1070,1450, 1069,1450, 1068,1451, 1067,1451, 1066,1451, 1065,1451, 1064,1451, 1063,1451, 1062,1451, 1061,1450, 1060,1450, 1059,1450, 1058,1450, 1057,1450, 1056,1450, 1055,1450, 1054,1449, 1053,1449, 1052,1449, 1051,1449, 1050,1449, 1049,1449, 1048,1448, 1047,1448, 1046,1448, 1045,1448, 1044,1448, 1043,1448, 1042,1447, 1041,1447, 1040,1447, 1039,1447, 1038,1446, 1037,1446, 1036,1445, 1035,1444, 1034,1444, 1033,1443, 1032,1442, 1031,1442, 1030,1441, 1029,1440, 1028,1440, 1027,1439, 1026,1438, 1025,1437, 1024,1437, 1023,1436, 1022,1435, 1021,1435, 1020,1434, 1019,1433, 1018,1433, 1017,1432, 1016,1431, 1015,1431, 1014,1430, 1013,1429, 1012,1428, 1011,1428, 1010,1427, 1009,1426, 1008,1426, 1007,1425, 1006,1424, 1005,1424, 1004,1423, 1003,1422, 1002,1422, 1001,1421, 1000,1420, 999,1420, 998,1419, 997,1418, 996,1417, 995,1417, 994,1416, 993,1415, 992,1415, 991,1414, 990,1413, 989,1413, 988,1412, 987,1411, 986,1411, 985,1410, 984,1409, 983,1409, 982,1408, 981,1407, 980,1406, 979,1406, 978,1405, 977,1404, 976,1404, 975,1403, 974,1402, 973,1402, 972,1401, 971,1400, 970,1400, 969,1399, 968,1398, 967,1397, 966,1397, 965,1396, 964,1395, 963,1395, 962,1394, 961,1393, 960,1393, 959,1392, 958,1391, 957,1391, 956,1390, 955,1389, 954,1389, 953,1388, 952,1387, 951,1386, 950,1386, 949,1385, 948,1384, 947,1384, 946,1383, 945,1382, 944,1382, 943,1381, 942,1380, 941,1380, 940,1379, 939,1378, 938,1377, 937,1377, 936,1376, 935,1375, 934,1375, 933,1374, 932,1373, 931,1373, 930,1372, 929,1371, 928,1371, 927,1370, 926,1369, 925,1369, 924,1368, 923,1367, 922,1366, 921,1366, 920,1365, 919,1364, 918,1364, 917,1363, 916,1362, 915,1362, 914,1361, 913,1360, 912,1360, 911,1359, 910,1358, 909,1358, 908,1357, 907,1356, 906,1355, 905,1354, 905,1353, 905,1352, 904,1351, 904,1350, 904,1349, 903,1348, 903,1347, 903,1346, 902,1345, 902,1344, 902,1343, 901,1342, 901,1341, 901,1340, 900,1339, 900,1338, 900,1337, 899,1336, 899,1335, 899,1334, 898,1333, 898,1332, 898,1331, 897,1330, 897,1329, 897,1328, 896,1327, 896,1326, 896,1325, 895,1324, 895,1323, 894,1322, 894,1321, 894
0,2981, 800,2980, 801,2980, 802,2979, 803,2978, 804,2977, 804,2976, 805,2976, 806,2976, 807,2976, 808,2976, 809,2976, 810,2975, 811,2974, 812,2973, 812,2972, 813,2972, 814,2971, 815,2970, 816,2969, 816,2968, 817,2968, 818,2968, 819,2968, 820,2968, 821,2968, 822,2967, 823,2966, 824,2965, 824,2964, 825,2964, 826,2963, 827,2962, 828,2961, 828,2960, 828,2959, 828,2958, 828,2957, 828,2956, 829,2956, 830,2955, 831,2954, 832,2953, 832,2952, 833,2952, 834,2951, 835,2950, 836,2949, 836,2948, 837,2948, 838,2948, 839,2948, 840,2948, 841,2948, 842,2947, 843,2946, 844,2945, 844,2944, 845,2944, 846,2943, 847,2942, 848,2941, 848,2940, 849,2940, 850,2939, 851,2938, 852,2937, 852,2936, 853,2936, 854,2935, 855,2934, 856,2933, 856,2932, 857,2932, 858,2931, 859,2930, 860,2929, 860,2928, 861,2928, 862,2928, 863,2928, 864,2928, 865,2928, 866,2927, 867,2926, 868,2925, 868,2924, 869,2924, 870,2924, 871,2924, 872,2924, 873,2924, 874,2923, 875,2922, 876,2921, 876,2920, 877,2920, 878,2920, 879,2920, 880,2920, 881,2920, 882,2919, 883,2918, 884,2917, 884,2916, 885,2916, 886,2916, 887,2916, 888,2916, 889,2916, 890,2915, 891,2914, 892,2913, 892,2912, 893,2912, 894,2912, 895,2912, 896,2912, 897,2912, 898,2911, 899,2910, 900,2909, 900,2908, 900,2907, 900,2906, 900,2905, 900,2904, 901,2904, 902,2904, 903,2904, 904,2904, 905,2903, 906,2902, 907,2901, 908,2900, 909,2900, 910,2901, 911,2902, 912,2903, 912,2904, 913,2904, 914,2904, 915,2904, 916,2904, 917,2904, 918,2904, 919,2904, 920,2904, 921,2904, 922,2903, 923,2902, 924,2901, 924,2900, 924,2899, 924,2898, 924,2897, 924,2896, 925,2896, 926,2895, 927,2894, 928,2893, 928,2892, 929,2892, 930,2892, 931,2892, 932,2892, 933,2892, 934,2891, 935,2890, 936,2889, 936,2888, 937,2888, 938,2888, 939,2888, 940,2888, 941,2888, 942,2887, 943,2886, 944,2885, 944,2884, 945,2884, 946,2883, 947,2882, 948,2881, 948,2880, 949,2880, 950,2880, 951,2880, 952,2880, 953,2880, 954,2880, 955,2880, 956,2880, 957,2880, 958,2879, 959,2878, 960,2877, 960,2876, 961,2876, 962,2876, 963,2876, 964,2876, 965,2876, 966,2876, 967,2876, 968,2876, 969,2876, 970,2877, 971,2878, 971,2879, 972,2880, 973,2880, 974,2880, 975,2880, 976,2880, 977,2880, 978,2880, 979,2880, 980,2880, 981,2880, 982,2881, 983,2882, 983,2883, 984,2884, 985,2884, 986,2884, 987,2884, 988,2884, 989,2884, 990,2884, 991,2884, 992,2884, 993,2884, 994,2884, 995,2884, 996,2884, 997,2884, 998,2884, 999,2884, 1000,2884, 1001,2884, 1002,2884, 1003,2884, 1004,2884, 1005,2884, 1006,2885, 1007,2886, 1007,2887, 1008,2888, 1009,2888, 1010,2888, 1011,2888, 1012,2888, 1013,2888, 1014,2888, 1015,2888, 1016,2888, 1017,2888, 1018,2888, 1019,2888, 1020,2888, 1021,2888, 1022,2889, 1023,2890, 1023,2891, 1023,2892, 1023,2893, 1023,2894, 1023,2895, 1024,2896, 1025,2896, 1026,2897, 1027,2898, 1027,2899, 1027,2900, 1027,2901, 1027,2902, 1027,2903, 1027,2904, 1027,2905, 1027,2906, 1027,2907, 1027,2908, 1027,2909, 1027,2910, 1027,2911, 1026,2911, 1025,2912, 1024,2913, 1023,2914, 1023,2915, 1023,2916, 1023,2917, 1023,2918, 1023,2919, 1023,2920, 1023,2921, 1023,2922, 1023,2923, 1023,2924, 1023,2925, 1023,2926, 1023,2927, 1023,2928, 1023,2929, 1023,2930, 1023,2931, 1022,2931, 1021,2932, 1020,2933, 1019,2934, 1019,2935, 1019,2936, 1019,2937, 1019,2938, 1019,2939, 1018,2939, 1017,2940, 1016,2941, 1015,2942, 1015,2943, 1014,2943, 1013,2944, 1012,2945, 1011,2946, 1011,2947, 1011,2948, 1011,2949, 1011,2950, 1011,2951, 1011,2952, 1011,2953, 1011,2954, 1011,2955, 1010,2955, 1009,2955, 1008,2955, 1007,2955, 1006,2955, 1005,2955, 1004,2955, 1003,2955, 1002,2955, 1001,2956, 1000,2957, 999,2958, 999,2959, 999,2960, 999,2961, 999,2962, 999,2963, 998,2963, 997,2964, 996,2965, 995,2966, 995,2967, 994,2967, 993,2968, 992,2969, 991,2970, 991,2971, 991,2972, 991,2973, 991,2974, 991,2975, 990,2975, 989,2975, 988,2975, 987,2975, 986,2975, 985,2976, 984,2977, 983,2978, 983,2979, 983,2980, 983,2981, 983,2982, 983,2983, 982,2983, 981,2984, 980,2985, 979,2986, 979,2987, 978,2987, 977,2988, 976,2989, 975,2990, 975,2991, 974,2991, 973,2992, 972,2993, 971,2994, 971,2995, 971,2996, 971,2997, 971,2998, 971,2999, 970,2999, 969,3000, 968,3001, 967,3002, 967,3003, 966,3003, 965,3004, 964,3005, 963,3006, 963,3007, 963,3008, 963,3009, 963,3010, 963,3011, 962,3011, 961,3011, 960,3011, 959,3011, 958,3011, 957,3012, 956,3013, 955,3014, 955,3015, 954,3015, 953,3016, 952,3017, 951,3018, 951,3019, 950,3019, 949,3019, 948,3019, 947,3019, 946,3019, 945,3020, 944,3021, 943,3022, 943,3023, 942,3023, 941,3023, 940,3023, 939,3023, 938,3023, 937,3024, 936,3025, 935,3026, 935,3027, 935,3028, 935,3029, 935,3030, 935,3031, 936,3032, 937,3032, 938,3033, 939,3034, 939,3035, 938,3035, 937,3034, 936,3033, 936,3032, 935,3031, 934,3031, 933,3032, 932,3033, 931,3034, 930,3035, 929,3035, 928,3035, 927,3035, 926,3035, 925,3035, 924,3035, 923,3035, 922,3035, 921,3035, 920,3035, 919,3035, 918,3035, 917,3035, 916,3035, 915,3035, 914,3035, 913,3035, 912,3035, 911,3035, 910,3035, 909,3035, 908,3035, 907,3035, 906,3035, 905,3035, 904,3035, 903,3035, 902,3035, 901,3036, 900,3037, 899,3038, 899,3039, 898,3039, 897,3040, 896,3041, 896,3042, 895,3043, 894,3042, 893,3042, 892,3041, 892,3040, 891,3040, 890,3040, 889,3040, 888,3041, 887,3042, 887,3042, 886,3043, 885,3042, 884,3041, 883,3040, 883,3039, 882,3039, 881,3039, 880,3039, 879,3039, 878,3039, 877,3040, 876,3041, 875,3042, 875,3043, 874,3043, 873,3043, 872,3043, 871,3043, 870,3043, 869,3043, 868,3043, 867,3043, 866,3043, 865,3044, 864,3045, 863,3046, 863,3047, 862,3047, 861,3047, 860,3047, 859,3047, 858,3047, 857,3047, 856,3047, 855,3047, 854,3047, 853,3047, 852,3047, 851,3047, 850,3047, 849,3047, 848,3047, 847,3047, 846,3047, 845,3046, 844,3045, 844,3044, 843,3043, 842,3043, 841,3043, 840,3043, 839,3043, 838,3043, 837,3042, 836,3041, 836,3040, 835,3039, 834,3039, 833,3039, 832,3039, 831,3039, 830,3039, 829,3039, 828,3039, 827,3039, 826,3039, 825,3039, 824,3039, 823,3039, 822,3039, 821,3038, 820,3037, 820,3036, 819,3035, 818,3035, 817,3035, 816,3035, 815,3035, 814,3035, 813,3035, 812,3035, 811,3035, 810,3035, 809,3034, 808,3033, 808,3032, 808,3031, 808,3030, 808,3029, 808,3028, 807,3027, 806,3027, 805,3026, 804,3025, 804,3024, 804,3023, 804,3022, 804,3021, 804,3020, 803,3019, 802,3019, 801,3018, 800,3017, 800,3016, 800,3015, 800,3014, 800,3013, 800,3012, 800,3011, 800,3010, 800,3009, 800,3008, 800,3007, 800,3006, 800,3005, 800,3004, 801,3004, 802,3003, 803,3002, 804,3001, 804,3000, 804,2999, 804,2998, 804,2997, 804,2996, 804,2995, 804,2994, 804,2993, 804,2992, 803,2991, 802,2991, 801,2990, 800,2989, 800,2988, 800,2987, 800,2986, 800,2985, 800,2984, 800,2983, 800,2982, 800
0,2605, 792,2604, 793,2604, 794,2603, 795,2602, 796,2601, 796,2600, 796,2599, 796,2598, 796,2597, 796,2596, 796,2595, 796,2594, 796,2593, 796,2592, 797,2592, 798,2591, 799,2590, 800,2589, 800,2588, 800,2587, 800,2586, 800,2585, 800,2584, 801,2584, 802,2583, 803,2582, 804,2581, 804,2580, 804,2579, 804,2578, 804,2577, 804,2576, 805,2576, 806,2576, 807,2576, 808,2576, 809,2575, 810,2575, 811,2574, 812,2573, 812,2572, 813,2572, 814,2572, 815,2572, 816,2572, 817,2572, 818,2571, 819,2570, 820,2569, 820,2568, 821,2568, 822,2568, 823,2568, 824,2568, 825,2567, 826,2566, 827,2565, 828,2564, 829,2565, 830,2565, 831,2566, 831,2567, 832,2568, 833,2568, 834,2567, 835,2566, 836,2565, 837,2564, 838,2564, 839,2564, 840,2564, 841,2564, 842,2563, 843,2562, 844,2561, 844,2560, 845,2560, 846,2560, 847,2560, 848,2560, 849,2560, 850,2560, 851,2560, 852,2560, 853,2561, 854,2562, 855,2563, 856,2564, 857,2564, 858,2563, 859,2562, 860,2561, 860,2561, 861,2560, 862,2561, 863,2562, 864,2563, 864,2564, 865,2564, 866,2564, 867,2564, 868,2564, 869,2564, 870,2564, 871,2564, 872,2564, 873,2564, 874,2564, 875,2564, 876,2564, 877,2564, 878,2564, 879,2564, 880,2564, 881,2564, 882,2564, 883,2564, 884,2564, 885,2564, 886,2564, 887,2564, 888,2564, 889,2564, 890,2564, 891,2564, 892,2564, 893,2564, 894,2564, 895,2564, 896,2564, 897,2564, 898,2565, 899,2566, 899,2567, 900,2568, 901,2568, 902,2568, 903,2568, 904,2568, 905,2568, 906,2568, 907,2568, 908,2568, 909,2568, 910,2568, 911,2568, 912,2568, 913,2568, 914,2567, 915,2566, 915,2565, 916,2564, 917,2564, 918,2565, 919,2566, 920,2567, 921,2568, 922,2568, 923,2568, 924,2568, 925,2568, 926,2568, 927,2568, 928,2568, 929,2568, 930,2568, 931,2568, 932,2568, 933,2568, 934,2568, 935,2568, 936,2568, 937,2568, 938,2568, 939,2568, 940,2568, 941,2568, 942,2568, 943,2568, 944,2568, 945,2568, 946,2568, 947,2568, 948,2568, 949,2568, 950,2569, 951,2570, 951,2571, 951,2572, 951,2573, 951,2574, 951,2575, 952,2576, 953,2576, 954,2576, 955,2576, 956,2576, 957,2576, 958,2577, 959,2578, 959,2579, 960,2580, 961,2580, 962,2580, 963,2580, 964,2580, 965,2580, 966,2581, 967,2582, 967,2583, 968,2584, 969,2584, 970,2585, 971,2586, 971,2587, 972,2588, 973,2588, 974,2588, 975,2588, 976,2588, 977,2588, 978,2589, 979,2590, 979,2591, 980,2592, 981,2592, 982,2593, 983,2594, 983,2595, 984,2596, 985,2596, 986,2597, 987,2598, 987,2599, 988,2600, 989,2600, 990,2600, 991,2600, 992,2600, 993,2600, 994,2601, 995,2602, 995,2603, 996,2604, 997,2604, 998,2604, 999,2604, 1000,2604, 1001,2604, 1002,2605, 1003,2606, 1003,2607, 1004,2608, 1005,2608, 1006,2609, 1007,2610, 1007,2611, 1008,2612, 1009,2612, 1010,2613, 1011,2614, 1011,2615, 1012,2616, 1013,2616, 1014,2617, 1015,2618, 1015,2619, 1015,2620, 1015,2621, 1015,2622, 1015,2623, 1015,2624, 1015,2625, 1015,2626, 1015,2627, 1016,2628, 1017,2628, 1018,2629, 1019,2630, 1019,2631, 1019,2632, 1019,2633, 1019,2634, 1019,2635, 1020,2636, 1021,2636, 1022,2637, 1023,2638, 1023,2639, 1023,2640, 1023,2641, 1023,2642, 1023,2643, 1024,2644, 1025,2644, 1026,2645, 1027,2646, 1027,2647, 1027,2648, 1027,2649, 1027,2650, 1027,2651, 1027,2652, 1027,2653, 1027,2654, 1027,2655, 1027,2656, 1027,2657, 1027,2658, 1027,2659, 1027,2660, 1027,2661, 1027,2662, 1027,2663, 1027,2664, 1027,2665, 1027,2666, 1027,2667, 1027,2668, 1027,2669, 1027,2670, 1027,2671, 1026,2671, 1025,2672, 1024,2673, 1023,2674, 1023,2675, 1022,2675, 1021,2676, 1020,2677, 1019,2678, 1019,2679, 1018,2680, 1017,2681, 1016,2682, 1015,2683, 1014,2683, 1013,2684, 1012,2685, 1011,2686, 1011,2687, 1010,2687, 1009,2687, 1008,2687, 1007,2687, 1006,2687, 1005,2688, 1004,2689, 1003,2690, 1003,2691, 1002,2691, 1001,2691, 1000,2691, 999,2691, 998,2691, 997,2692, 996,2693, 995,2694, 995,2695, 994,2695, 993,2695, 992,2695, 991,2695, 990,2695, 989,2695, 988,2695, 987,2695, 986,2695, 985,2696, 984,2697, 983,2698, 983,2699, 982,2699, 981,2699, 980,2699, 979,2699, 978,2699, 977,2700, 976,2701, 975,2702, 975,2703, 974,2703, 973,2704, 972,2705, 971,2706, 971,2707, 970,2707, 969,2707, 968,2707, 967,2707, 966,2707, 965,2707, 964,2707, 963,2707, 962,2707, 961,2708, 960,2709, 959,2710, 959,2711, 958,2711, 957,2711, 956,2711, 955,2711, 954,2711, 953,2712, 952,2713, 951,2714, 951,2715, 950,2715, 949,2715, 948,2715, 947,2715, 946,2715, 945,2715, 944,2715, 943,2715, 942,2715, 941,2715, 940,2715, 939,2715, 938,2715, 937,2714, 936,2713, 936,2712, 935,2711, 934,2711, 933,2711, 932,2711, 931,2711, 930,2711, 929,2711, 928,2711, 927,2711, 926,2711, 925,2711, 924,2711, 923,2711, 922,2711, 921,2712, 920,2713, 919,2714, 919,2715, 918,2715, 917,2715, 916,2715, 915,2715, 914,2715, 913,2715, 912,2715, 911,2715, 910,2715, 909,2714, 908,2713, 908,2712, 907,2711, 906,2711, 905,2711, 904,2711, 903,2711, 902,2711, 901,2710, 900,2709, 900,2708, 899,2707, 898,2707, 897,2707, 896,2707, 895,2707, 894,2707, 893,2707, 892,2707, 891,2707, 890,2707, 889,2707, 888,2707, 887,2707, 886,2707, 885,2706, 884,2705, 884,2704, 883,2703, 882,2703, 881,2703, 880,2703, 879,2703, 878,2703, 877,2702, 876,2701, 876,2700, 875,2699, 874,2699, 873,2698, 872,2697, 872,2696, 871,2695, 870,2695, 869,2695, 868,2695, 867,2695, 866,2695, 865,2694, 864,2693, 864,2692, 863,2691, 862,2691, 861,2690, 860,2689, 860,2688, 859,2687, 858,2687, 857,2687, 856,2687, 855,2687, 854,2687, 853,2686, 852,2685, 852,2684, 851,2683, 850,2683, 849,2682, 848,2681, 848,2680, 847,2679, 846,2679, 845,2678, 844,2677, 843,2676, 843,2675, 842,2675, 841,2674, 840,2673, 840,2672, 839,2671, 838,2671, 837,2670, 836,2669, 836,2668, 835,2667, 834,2667, 833,2667, 832,2667, 831,2667, 830,2667, 829,2666, 828,2665, 828,2664, 828,2663, 828,2662, 828,2661, 828,2660, 827,2659, 826,2659, 825,2658, 824,2657, 824,2656, 823,2655, 822,2655, 821,2655, 820,2655, 819,2655, 818,2655, 817,2654, 816,2653, 816,2652, 815,2651, 814,2651, 813,2650, 812,2649, 812,2648, 811,2647, 810,2647, 809,2646, 808,2645, 808,2644, 807,2643, 806,2643, 805,2642, 804,2641, 804,2640, 804,2639, 804,2638, 804,2637, 804,2636, 803,2635, 802,2635, 801,2634, 800,2633, 800,2632, 800,2631, 800,2630, 800,2629, 800,2628, 799,2627, 798,2627, 797,2626, 796,2625, 796,2624, 796,2623, 796,2622, 796,2621, 796,2620, 796,2619, 796,2618, 796,2617, 796,2616, 796,2615, 796,2614, 796,2613, 796,2612, 795,2611, 794,2611, 793,2610, 792,2609, 792,2608, 792,2607, 792,2606, 792
0,2569, 404,2568, 405,2568, 406,2567, 407,2566, 408,2565, 408,2564, 408,2563, 408,2562, 408,2561, 408,2560, 408,2559, 408,2558, 408,2557, 408,2556, 408,2555, 408,2554, 408,2553, 408,2552, 408,2551, 408,2550, 408,2549, 408,2548, 408,2547, 408,2546, 408,2545, 408,2544, 409,2544, 410,2543, 411,2542, 412,2541, 412,2540, 412,2539, 412,2538, 412,2537, 412,2536, 412,2535, 412,2534, 412,2533, 412,2532, 412,2531, 412,2530, 412,2529, 412,2528, 412,2527, 412,2526, 412,2525, 412,2524, 413,2524, 414,2523, 415,2522, 416,2521, 416,2520, 416,2519, 416,2518, 416,2517, 416,2516, 417,2516, 418,2515, 419,2514, 420,2513, 420,2512, 420,2511, 420,2510, 420,2509, 420,2508, 421,2508, 422,2507, 423,2506, 424,2505, 424,2504, 425,2504, 426,2503, 427,2502, 428,2501, 428,2500, 428,2499, 428,2498, 428,2497, 428,2496, 428,2495, 428,2494, 428,2493, 428,2492, 429,2492, 430,2491, 431,2490, 432,2489, 432,2488, 433,2488, 434,2487, 435,2486, 436,2485, 436,2484, 437,2484, 438,2483, 439,2482, 440,2481, 440,2480, 440,2479, 440,2478, 440,2477, 440,2476, 441,2476, 442,2475, 443,2474, 444,2473, 444,2472, 445,2472, 446,2471, 447,2470, 448,2469, 448,2468, 448,2467, 448,2466, 448,2465, 448,2464, 449,2464, 450,2463, 451,2462, 452,2461, 452,2460, 453,2460, 454,2459, 455,2458, 456,2457, 456,2456, 456,2455, 456,2454, 456,2453, 456,2452, 456,2451, 456,2450, 456,2449, 456,2448, 457,2448, 458,2447, 459,2446, 460,2445, 460,2444, 460,2443, 460,2442, 460,2441, 461,2440, 462,2439, 463,2438, 464,2437, 463,2436, 463,2435, 462,2435, 461,2434, 461,2433, 460,2432, 461,2431, 462,2430, 463,2429, 464,2428, 464,2427, 464,2426, 464,2425, 464,2424, 465,2424, 466,2423, 467,2422, 468,2421, 468,2420, 469,2420, 470,2419, 471,2418, 472,2417, 472,2416, 472,2415, 472,2414, 472,2413, 472,2412, 473,2412, 474,2411, 475,2410, 476,2409, 476,2408, 476,2407, 476,2406, 476,2405, 476,2404, 477,2404, 478,2403, 479,2402, 480,2401, 480,2400, 480,2399, 480,2398, 480,2397, 480,2396, 481,2396, 482,2395, 483,2394, 484,2393, 484,2392, 484,2391, 484,2390, 484,2389, 484,2388, 485,2388, 486,2387, 487,2386, 488,2385, 488,2384, 488,2383, 488,2382, 488,2381, 488,2380, 488,2379, 488,2378, 488,2377, 488,2376, 489,2376, 490,2375, 491,2374, 492,2373, 492,2372, 492,2371, 492,2370, 492,2369, 492,2368, 493,2368, 494,2367, 495,2366, 496,2365, 496,2364, 497,2364, 498,2363, 499,2362, 500,2361, 500,2360, 500,2359, 500,2358, 500,2357, 500,2356, 500,2355, 500,2354, 500,2353, 500,2352, 501,2352, 502,2351, 503,2350, 504,2349, 504,2348, 505,2348, 506,2347, 507,2346, 508,2345, 508,2344, 508,2343, 508,2342, 508,2341, 508,2340, 509,2340, 510,2340, 511,2340, 512,2340, 513,2340, 514,2340, 515,2340, 516,2340, 517,2340, 518,2339, 519,2338, 520,2337, 520,2336, 521,2336, 522,2336, 523,2336, 524,2336, 525,2336, 526,2336, 527,2336, 528,2336, 529,2336, 530,2335, 531,2334, 532,2333, 532,2332, 533,2332, 534,2332, 535,2332, 536,2332, 537,2332, 538,2333, 539,2334, 539,2335, 540,2336, 541,2336, 542,2336, 543,2336, 544,2336, 545,2336, 546,2337, 547,2338, 547,2339, 548,2340, 549,2340, 550,2341, 551,2342, 551,2343, 552,2344, 553,2344, 554,2345, 555,2346, 555,2347, 555,2348, 555,2349, 555,2350, 555,2351, 555,2352, 555,2353, 555,2354, 555,2355, 556,2356, 557,2356, 558,2357, 559,2358, 559,2359, 559,2360, 559,2361, 559,2362, 559,2363, 560,2364, 561,2364, 562,2365, 563,2366, 563,2367, 564,2368, 565,2368, 566,2369, 567,2370, 567,2371, 567,2372, 567,2373, 567,2374, 567,2375, 567,2376, 567,2377, 567,2378, 567,2379, 567,2380, 567,2381, 567,2382, 567,2383, 567,2384, 567,2385, 567,2386, 567,2387, 568,2388, 569,2388, 570,2389, 571,2390, 571,2391, 571,2392, 571,2393, 571,2394, 571,2395, 571,2396, 571,2397, 571,2398, 571,2399, 571,2400, 571,2401, 571,2402, 571,2403, 571,2404, 571,2405, 571,2406, 571,2407, 571,2408, 571,2409, 571,2410, 571,2411, 571,2412, 571,2413, 571,2414, 571,2415, 572,2416, 573,2416, 574,2417, 575,2418, 575,2419, 575,2420, 575,2421, 575,2422, 575,2423, 575,2424, 575,2425, 575,2426, 575,2427, 575,2428, 575,2429, 575,2430, 575,2431, 575,2432, 575,2433, 575,2434, 575,2435, 575,2436, 575,2437, 575,2438, 575,2439, 575,2440, 575,2441, 575,2442, 575,2443, 575,2444, 575,2445, 575,2446, 575,2447, 575,2448, 575,2449, 575,2450, 575,2451, 575,2452, 575,2453, 575,2454, 575,2455, 574,2455, 573,2456, 572,2457, 571,2458, 571,2459, 571,2460, 571,2461, 571,2462, 571,2463, 571,2464, 571,2465, 571,2466, 571,2467, 571,2468, 571,2469, 571,2470, 571,2471, 570,2471, 569,2472, 568,2473, 567,2474, 567,2475, 567,2476, 567,2477, 567,2478, 567,2479, 567,2480, 567,2481, 567,2482, 567,2483, 566,2483, 565,2484, 564,2485, 563,2486, 563,2487, 562,2487, 561,2488, 560,2489, 559,2490, 559,2491, 559,2492, 559,2493, 559,2494, 559,2495, 558,2495, 557,2496, 556,2497, 555,2498, 555,2499, 554,2499, 553,2500, 552,2501, 551,2502, 551,2503, 551,2504, 551,2505, 551,2506, 551,2507, 550,2507, 549,2508, 548,2509, 547,2510, 547,2511, 547,2512, 547,2513, 547,2514, 547,2515, 546,2515, 545,2515, 544,2515, 543,2515, 542,2515, 541,2516, 540,2517, 539,2518, 539,2519, 539,2520, 539,2521, 539,2522, 539,2523, 539,2524, 539,2525, 539,2526, 539,2527, 539,2528, 539,2529, 539,2530, 539,2531, 539,2532, 539,2533, 539,2534, 539,2535, 539,2536, 539,2537, 539,2538, 539,2539, 538,2539, 537,2540, 536,2541, 535,2542, 535,2543, 535,2544, 535,2545, 535,2546, 535,2547, 534,2547, 533,2548, 532,2549, 531,2550, 531,2551, 531,2552, 531,2553, 531,2554, 531,2555, 530,2555, 529,2556, 528,2557, 527,2558, 527,2559, 527,2560, 527,2561, 527,2562, 527,2563, 526,2563, 525,2564, 524,2565, 523,2566, 523,2567, 522,2567, 521,2568, 520,2569, 519,2570, 519,2571, 518,2571, 517,2571, 516,2571, 515,2571, 514,2571, 513,2572, 512,2573, 511,2574, 511,2575, 510,2575, 509,2576, 508,2577, 507,2578, 507,2579, 506,2579, 505,2580, 504,2581, 503,2582, 503,2583, 502,2583, 501,2583, 500,2583, 499,2583, 498,2583, 497,2584, 496,2585, 495,2586, 495,2587, 495,2588, 495,2589, 495,2590, 495,2591, 494,2591, 493,2592, 492,2593, 491,2594, 491,2595, 490,2595, 489,2595, 488,2595, 487,2595, 486,2595, 485,2595, 484,2595, 483,2595, 482,2595, 481,2596, 480,2597, 479,2598, 479,2599, 478,2599, 477,2599, 476,2599, 475,2599, 474,2599, 473,2600, 472,2601, 471,2602, 471,2603, 470,2603, 469,2603, 468,2603, 467,2603, 466,2603, 465,2603, 464,2603, 463,2603, 462,2603, 461,2604, 460,2605, 459,2606, 459,2607, 458,2607, 457,2607, 456,2607, 455,2607, 454,2607, 453,2607, 452,2607, 451,2607, 450,2607, 449,2608, 448,2609, 447,2610, 447,2611, 446,2611, 445,2611, 444,2611, 443,2611, 442,2611, 441,2611, 440,2611, 439,2611, 438,2611, 437,2612, 436,2613, 435,2614, 435,2615, 434,2615, 433,2615, 432,2615, 431,2615, 430,2615, 429,2614, 428,2613, 428,2612, 427,2611, 426,2611, 425,2611, 424,2611, 423,2611, 422,2612, 421,2613, 420,2614, 419,2614, 418,2615, 417,2615, 416,2616, 415,2617, 415,2618, 416,2619, 417,2620, 418,2621, 418,2622, 419,2623, 418,2623, 417,2623, 416,2623, 415,2623, 414,2623, 413,2622, 412,2621, 412,2620, 412,2619, 412,2618, 412,2617, 412,2616, 413,2616, 414,2615, 415,2614, 416,2613, 416,2612, 416,2611, 416,2610, 416,2609, 416,2608, 416,2607, 416,2606, 416,2605, 416,2604, 416,2603, 416,2602, 416,2601, 416,2600, 415,2599, 414,2599, 413,2598, 412,2597, 412,2596, 412,2595, 412,2594, 412,2593, 412,2592, 411,2591, 410,2591, 409,2590, 408,2589, 408,2588, 408,2587, 408,2586, 408,2585, 408,2584, 407,2583, 406,2583, 405,2582, 404,2581, 404,2580, 404,2579, 404,2578, 404,2577, 404,2576, 404,2575, 404,2574, 404,2573, 404,2572, 404,2571, 404,2570, 404
0,245, 280,244, 281,244, 282,243, 283,242, 284,241, 284,240, 284,239, 284,238, 284,237, 284,236, 285,236, 286,235, 287,234, 288,233, 288,232, 288,231, 288,230, 288,229, 288,228, 289,228, 290,227, 291,226, 292,225, 292,224, 293,224, 294,223, 295,222, 296,221, 296,220, 296,219, 296,218, 296,217, 296,216, 297,216, 298,215, 299,214, 300,213, 300,212, 301,212, 302,211, 303,210, 304,209, 304,208, 305,208, 306,208, 307,208, 308,208, 309,208, 310,208, 311,208, 312,208, 313,208, 314,207, 315,206, 316,205, 316,204, 317,204, 318,204, 319,204, 320,204, 321,204, 322,204, 323,204, 324,204, 325,204, 326,203, 327,202, 327,201, 328,200, 329,200, 330,201, 331,202, 332,203, 333,204, 334,204, 335,204, 336,204, 337,204, 338,204, 339,204, 340,204, 341,204, 342,204, 343,204, 344,204, 345,204, 346,204, 347,204, 348,204, 349,204, 350,204, 351,204, 352,204, 353,205, 354,206, 355,207, 356,208, 357,207, 358,207, 359,206, 360,205, 360,204, 360,203, 360,202, 360,201, 360,200, 361,200, 362,201, 363,202, 363,203, 363,204, 363,205, 363,206, 363,207, 363,208, 363,209, 363,210, 363,211, 364,212, 365,212, 366,213, 367,214, 367,215, 368,216, 369,216, 370,217, 371,218, 371,219, 372,220, 373,220, 374,221, 375,222, 375,223, 376,224, 377,224, 378,225, 379,226, 379,227, 380,228, 381,228, 382,229, 383,230, 383,231, 383,232, 383,233, 383,234, 383,235, 384,236, 385,236, 386,237, 387,238, 387,239, 387,240, 387,241, 387,242, 387,243, 387,244, 387,245, 387,246, 387,247, 388,248, 389,248, 390,249, 391,250, 391,251, 392,252, 393,252, 394,253, 395,254, 395,255, 395,256, 395,257, 395,258, 395,259, 396,260, 397,260, 398,261, 399,262, 399,263, 399,264, 399,265, 399,266, 399,267, 400,268, 401,268, 402,269, 403,270, 403,271, 403,272, 403,273, 403,274, 403,275, 404,276, 405,276, 406,277, 407,278, 407,279, 407,280, 407,281, 407,282, 407,283, 408,284, 409,284, 410,285, 411,286, 411,287, 411,288, 411,289, 411,290, 411,291, 411,292, 411,293, 411,294, 411,295, 411,296, 411,297, 411,298, 411,299, 411,300, 411,301, 411,302, 411,303, 412,304, 413,304, 414,305, 415,306, 415,307, 415,308, 415,309, 415,310, 415,311, 415,312, 415,313, 415,314, 415,315, 415,316, 415,317, 415,318, 415,319, 415,320, 415,321, 415,322, 415,323, 415,324, 415,325, 415,326, 415,327, 415,328, 415,329, 415,330, 415,331, 415,332, 415,333, 415,334, 415,335, 415,336, 415,337, 415,338, 415,339, 415,340, 415,341, 415,342, 414,343, 413,344, 412,345, 411,346, 412,347, 412,348, 413,348, 414,349, 414,350, 415,351, 414,352, 413,353, 412,354, 411,355, 411,356, 411,357, 411,358, 411,359, 411,360, 411,361, 411,362, 411,363, 411,364, 411,365, 411,366, 411,367, 410,367, 409,368, 408,369, 407,370, 407,371, 407,372, 407,373, 407,374, 407,375, 407,376, 407,377, 407,378, 407,379, 406,379, 405,380, 404,381, 403,382, 403,383, 402,383, 401,384, 400,385, 399,386, 399,387, 398,387, 397,388, 396,389, 395,390, 395,391, 394,391, 393,392, 392,393, 391,394, 391,395, 390,395, 389,396, 388,397, 387,398, 387,399, 386,399, 385,399, 384,399, 383,399, 382,399, 381,400, 380,401, 379,402, 379,403, 378,403, 377,403, 376,403, 375,403, 374,403, 373,403, 372,403, 371,403, 370,403, 369,403, 368,403, 367,403, 366,403, 365,403, 364,403, 363,403, 362,403, 361,403, 360,403, 359,403, 358,403, 357,403, 356,403, 355,403, 354,403, 353,403, 352,403, 351,403, 350,403, 349,402, 348,401, 348,400, 347,399, 346,399, 345,399, 344,399, 343,399, 342,399, 341,399, 340,399, 339,399, 338,399, 337,398, 336,397, 336,396, 335,395, 334,395, 333,394, 332,393, 332,392, 331,391, 330,391, 329,391, 328,391, 327,391, 326,391, 325,390, 324,389, 324,388, 324,387, 324,386, 324,385, 324,384, 323,383, 322,383, 321,382, 320,381, 320,380, 319,379, 318,379, 317,379, 316,379, 315,379, 314,379, 313,378, 312,377, 312,376, 312,375, 312,374, 312,373, 312,372, 311,371, 310,371, 309,370, 308,369, 308,368, 308,367, 308,366, 308,365, 308,364, 307,363, 306,363, 305,362, 304,361, 304,360, 303,359, 302,359, 301,359, 300,359, 299,359, 298,359, 297,358, 296,357, 296,356, 296,355, 296,354, 296,353, 296,352, 295,351, 294,351, 293,350, 292,349, 292,348, 292,347, 292,346, 292,345, 292,344, 291,343, 290,343, 289,342, 288,341, 288,340, 288,339, 288,338, 288,337, 288,336, 287,335, 286,335, 285,334, 284,333, 284,332, 284,331, 284,330, 284,329, 284,328, 283,327, 282,327, 281,326, 280,325, 280,324, 280,323, 280,322, 280,321, 280,320, 280,319, 280,318, 280,317, 280,316, 280,315, 280,314, 280,313, 280,312, 280,311, 280,310, 280,309, 280,308, 280,307, 280,306, 280,305, 280,304, 280,303, 280,302, 280,301, 280,300, 280,299, 280,298, 280,297, 280,296, 280,295, 280,294, 280,293, 280,292, 280,291, 280,290, 280,289, 280,288, 280,287, 280,286, 280,285, 280,284, 280,283, 280,282, 280,281, 280,280, 280,279, 280,278, 280,277, 280,276, 280,275, 280,274, 280,273, 280,272, 280,271, 280,270, 280,269, 280,268, 280,267, 280,266, 280,265, 280,264, 280,263, 280,262, 280,261, 280,260, 280,259, 280,258, 280,257, 280,256, 280,255, 280,254, 280,253, 280,252, 280,251, 280,250, 280,249, 280,248, 280,247, 280,246, 280
0,1353, 256,1352, 257,1352, 258,1351, 259,1350, 260,1349, 260,1348, 260,1347, 260,1346, 260,1345, 260,1344, 260,1343, 260,1342, 260,1341, 260,1340, 260,1339, 260,1338, 260,1337, 260,1336, 260,1335, 260,1334, 260,1333, 260,1332, 260,1331, 260,1330, 260,1329, 260,1328, 260,1327, 260,1326, 260,1325, 260,1324, 261,1324, 262,1323, 263,1322, 264,1321, 264,1320, 264,1319, 264,1318, 264,1317, 264,1316, 264,1315, 264,1314, 264,1313, 264,1312, 264,1311, 264,1310, 264,1309, 264,1308, 265,1308, 266,1307, 267,1306, 268,1305, 268,1304, 268,1303, 268,1302, 268,1301, 268,1300, 269,1300, 270,1300, 271,1300, 272,1300, 273,1300, 274,1299, 275,1298, 276,1297, 276,1296, 277,1296, 278,1295, 279,1294, 280,1293, 280,1292, 280,1291, 280,1290, 280,1289, 280,1288, 281,1288, 282,1288, 283,1288, 284,1288, 285,1288, 286,1287, 287,1286, 288,1285, 288,1284, 289,1284, 290,1284, 291,1284, 292,1284, 293,1284, 294,1284, 295,1284, 296,1284, 297,1284, 298,1285, 299,1286, 299,1287, 300,1288, 301,1288, 302,1289, 303,1290, 303,1291, 304,1292, 305,1292, 306,1293, 307,1294, 307,1295, 308,1296, 309,1296, 310,1296, 311,1296, 312,1296, 313,1296, 314,1297, 315,1298, 315,1299, 316,1300, 317,1300, 318,1300, 319,1300, 320,1300, 321,1300, 322,1300, 323,1300, 324,1300, 325,1300, 326,1301, 327,1302, 328,1303, 328,1304, 329,1304, 330,1305, 331,1306, 331,1307, 331,1308, 331,1309, 331,1310, 331,1311, 332,1312, 333,1312, 334,1313, 335,1314, 335,1315, 335,1316, 335,1317, 335,1318, 335,1319, 336,1320, 337,1320, 338,1321, 339,1322, 339,1323, 339,1324, 339,1325, 339,1326, 339,1327, 340,1328, 341,1328, 342,1329, 343,1330, 343,1331, 344,1332, 345,1332, 346,1333, 347,1334, 347,1335, 348,1336, 349,1336, 350,1337, 351,1338, 351,1339, 351,1340, 351,1341, 351,1342, 351,1343, 352,1344, 353,1344, 354,1345, 355,1346, 355,1347, 356,1348, 357,1348, 358,1349, 359,1350, 359,1351, 359,1352, 359,1353, 359,1354, 359,1355, 360,1356, 361,1356, 362,1357, 363,1358, 363,1359, 364,1360, 365,1360, 366,1361, 367,1362, 367,1363, 367,1364, 367,1365, 367,1366, 367,1367, 368,1368, 369,1368, 370,1369, 371,1370, 371,1371, 371,1372, 371,1373, 371,1374, 371,1375, 372,1376, 373,1376, 374,1377, 375,1378, 375,1379, 375,1380, 375,1381, 375,1382, 375,1383, 375,1384, 375,1385, 375,1386, 375,1387, 375,1388, 375,1389, 375,1390, 375,1391, 376,1392, 377,1392, 378,1393, 379,1394, 379,1395, 379,1396, 379,1397, 379,1398, 379,1399, 380,1400, 381,1400, 382,1401, 383,1402, 383,1403, 383,1404, 383,1405, 383,1406, 383,1407, 383,1408, 383,1409, 383,1410, 383,1411, 384,1412, 385,1412, 386,1413, 387,1414, 387,1415, 387,1416, 387,1417, 387,1418, 387,1419, 388,1420, 389,1420, 390,1421, 391,1422, 391,1423, 391,1424, 391,1425, 391,1426, 391,1427, 391,1428, 391,1429, 391,1430, 391,1431, 391,1432, 391,1433, 391,1434, 391,1435, 391,1436, 391,1437, 391,1438, 391,1439, 391,1440, 391,1441, 391,1442, 391,1443, 391,1444, 391,1445, 391,1446, 391,1447, 391,1448, 391,1449, 391,1450, 391,1451, 391,1452, 391,1453, 391,1454, 391,1455, 390,1455, 389,1456, 388,1457, 387,1458, 387,1459, 387,1460, 387,1461, 387,1462, 387,1463, 387,1464, 387,1465, 387,1466, 387,1467, 387,1468, 387,1469, 387,1470, 387,1471, 387,1472, 387,1473, 387,1474, 387,1475, 386,1475, 385,1476, 384,1477, 383,1478, 383,1479, 382,1479, 381,1480, 380,1481, 379,1482, 379,1483, 378,1483, 377,1484, 376,1485, 375,1486, 375,1487, 374,1487, 373,1488, 372,1489, 371,1490, 371,1491, 370,1491, 369,1492, 368,1493, 367,1494, 367,1495, 366,1495, 365,1495, 364,1495, 363,1495, 362,1495, 361,1495, 360,1495, 359,1495, 358,1495, 357,1495, 356,1495, 355,1495, 354,1495, 353,1495, 352,1495, 351,1495, 350,1495, 349,1495, 348,1495, 347,1495, 346,1495, 345,1495, 344,1495, 343,1495, 342,1495, 341,1495, 340,1495, 339,1495, 338,1495, 337,1494, 336,1493, 336,1492, 335,1491, 334,1491, 333,1490, 332,1489, 332,1488, 331,1487, 330,1487, 329,1487, 328,1487, 327,1487, 326,1487, 325,1486, 324,1485, 324,1484, 324,1483, 324,1482, 324,1481, 324,1480, 323,1479, 322,1479, 321,1478, 320,1477, 320,1476, 319,1475, 318,1475, 317,1474, 316,1473, 316,1472, 315,1471, 314,1471, 313,1471, 312,1471, 311,1471, 310,1471, 309,1470, 308,1469, 308,1468, 308,1467, 308,1466, 308,1465, 308,1464, 307,1463, 306,1463, 305,1462, 304,1461, 304,1460, 303,1459, 302,1459, 301,1458, 300,1457, 300,1456, 299,1455, 298,1455, 297,1454, 296,1453, 296,1452, 295,1451, 294,1451, 293,1450, 292,1449, 292,1448, 291,1447, 290,1447, 289,1446, 288,1445, 288,1444, 288,1443, 288,1442, 288,1441, 288,1440, 287,1439, 286,1439, 285,1438, 284,1437, 284,1436, 283,1435, 282,1435, 281,1435, 280,1435, 279,1435, 278,1435, 277,1435, 276,1435, 275,1435, 274,1435, 273,1435, 272,1435, 271,1435, 270,1435, 269,1434, 268,1433, 268,1432, 268,1431, 268,1430, 268,1429, 267,1428, 266,1427, 265,1426, 264,1425, 264,1424, 265,1423, 266,1422, 267,1421, 268,1420, 268,1419, 268,1418, 268,1417, 268,1416, 268,1415, 268,1414, 268,1413, 268,1412, 267,1411, 266,1411, 265,1410, 264,1409, 264,1408, 264,1407, 264,1406, 264,1405, 264,1404, 264,1403, 264,1402, 264,1401, 264,1400, 264,1399, 264,1398, 264,1397, 264,1396, 263,1395, 262,1395, 261,1394, 260,1393, 260,1392, 260,1391, 260,1390, 260,1389, 260,1388, 260,1387, 260,1386, 260,1385, 260,1384, 260,1383, 260,1382, 260,1381, 260,1380, 260,1379, 260,1378, 260,1377, 260,1376, 259,1375, 258,1375, 257,1374, 256,1373, 256,1372, 256,1371, 256,1370, 256,1369, 257,1368, 258,1367, 259,1366, 260,1365, 260,1364, 259,1363, 258,1362, 257,1361, 256,1360, 256,1359, 256,1358, 256,1357, 256,1356, 256,1355, 256,1354, 256
2,1645, 1920,1644, 1921,1643, 1922,1642, 1923,1641, 1924,1640, 1925,1640, 1926,1640, 1927,1640, 1928,1640, 1929,1640, 1930,1640, 1931,1640, 1932,1640, 1933,1640, 1934,1640, 1935,1640, 1936,1640, 1937,1640, 1938,1639, 1939,1638, 1940,1637, 1940,1636, 1940,1635, 1940,1634, 1940,1633, 1940,1632, 1941,1632, 1942,1631, 1943,1630, 1944,1629, 1944,1628, 1945,1628, 1946,1627, 1947,1626, 1948,1625, 1948,1624, 1949,1624, 1950,1623, 1951,1622, 1952,1621, 1952,1620, 1953,1620, 1954,1620, 1955,1620, 1956,1620, 1957,1620, 1958,1619, 1959,1618, 1960,1617, 1960,1616, 1961,1616, 1962,1615, 1963,1614, 1964,1613, 1964,1612, 1965,1612, 1966,1611, 1967,1610, 1968,1609, 1968,1608, 1969,1608, 1970,1607, 1971,1606, 1972,1605, 1972,1604, 1973,1604, 1974,1603, 1975,1602, 1976,1601, 1976,1600, 1977,1600, 1978,1599, 1979,1598, 1980,1597, 1980,1596, 1981,1596, 1982,1595, 1983,1594, 1984,1593, 1984,1592, 1985,1592, 1986,1591, 1987,1590, 1988,1589, 1988,1588, 1989,1588, 1990,1588, 1991,1588, 1992,1588, 1993,1588, 1994,1587, 1995,1586, 1996,1585, 1996,1584, 1997,1584, 1998,1583, 1999,1582, 2000,1581, 2000,1580, 2001,1580, 2002,1580, 2003,1580, 2004,1580, 2005,1580, 2006,1579, 2007,1578, 2008,1577, 2008,1576, 2009,1576, 2010,1575, 2011,1574, 2012,1573, 2012,1572, 2013,1572, 2014,1572, 2015,1572, 2016,1572, 2017,1572, 2018,1571, 2019,1570, 2020,1569, 2020,1568, 2021,1568, 2022,1568, 2023,1568, 2024,1568, 2025,1568, 2026,1568, 2027,1568, 2028,1568, 2029,1568, 2030,1567, 2031,1566, 2032,1565, 2032,1564, 2033,1564, 2034,1564, 2035,1564, 2036,1564, 2037,1564, 2038,1564, 2039,1564, 2040,1564, 2041,1564, 2042,1563, 2043,1562, 2044,1561, 2044,1560, 2045,1560, 2046,1560, 2047,1560, 2048,1560, 2049,1560, 2050,1560, 2051,1560, 2052,1560, 2053,1560, 2054,1560, 2055,1560, 2056,1560, 2057,1560, 2058,1560, 2059,1560, 2060,1560, 2061,1560, 2062,1560, 2063,1560, 2064,1560, 2065,1560, 2066,1560, 2067,1560, 2068,1560, 2069,1560, 2070,1560, 2071,1560, 2072,1560, 2073,1560, 2074,1560, 2075,1560, 2076,1560, 2077,1560, 2078,1560, 2079,1560, 2080,1560, 2081,1560, 2082,1560, 2083,1560, 2084,1560, 2085,1560, 2086,1560, 2087,1560, 2088,1560, 2089,1560, 2090,1561, 2091,1562, 2091,1563, 2092,1564, 2093,1564, 2094,1564, 2095,1564, 2096,1564, 2097,1564, 2098,1564, 2099,1564, 2100,1564, 2101,1564, 2102,1565, 2103,1566, 2103,1567, 2104,1568, 2105,1568, 2106,1568, 2107,1568, 2108,1568, 2109,1568, 2110,1569, 2111,1570, 2111,1571, 2111,1572, 2111,1573, 2111,1574, 2111,1575, 2112,1576, 2113,1576, 2114,1577, 2115,1578, 2115,1579, 2116,1580, 2117,1580, 2118,1581, 2119,1582, 2119,1583, 2120,1584, 2121,1584, 2122,1585, 2123,1586, 2123,1587, 2124,1588, 2125,1588, 2126,1589, 2127,1590, 2127,1591, 2127,1592, 2127,1593, 2127,1594, 2127,1595, 2128,1596, 2129,1596, 2130,1597, 2131,1598, 2131,1599, 2131,1600, 2131,1601, 2131,1602, 2132,1603, 2133,1604, 2134,1605, 2135,1606, 2134,1607, 2134,1607, 2133,1608, 2132,1609, 2132,1610, 2131,1611, 2132,1612, 2133,1613, 2134,1614, 2135,1615, 2135,1616, 2135,1617, 2135,1618, 2135,1619, 2135,1620, 2135,1621, 2135,1622, 2134,1623, 2133,1624, 2132,1625, 2131,1626, 2131,1627, 2132,1628, 2133,1629, 2134,1630, 2135,1631, 2135,1632, 2135,1633, 2135,1634, 2135,1635, 2135,1636, 2135,1637, 2135,1638, 2135,1639, 2136,1640, 2137,1640, 2138,1641, 2139,1642, 2139,1643, 2139,1644, 2139,1645, 2139,1646, 2138,1647, 2137,1648, 2136,1649, 2135,1650, 2136,1651, 2136,1652, 2137,1652, 2138,1653, 2138,1654, 2139,1655, 2138,1656, 2137,1657, 2136,1658, 2135,1659, 2135,1660, 2135,1661, 2135,1662, 2135,1663, 2134,1663, 2133,1664, 2132,1665, 2131,1666, 2131,1667, 2131,1668, 2131,1669, 2131,1670, 2131,1671, 2130,1671, 2129,1672, 2128,1673, 2127,1674, 2127,1675, 2126,1675, 2125,1676, 2124,1677, 2123,1678, 2123,1679, 2122,1679, 2121,1680, 2120,1681, 2119,1682, 2119,1683, 2118,1683, 2117,1684, 2116,1685, 2115,1686, 2115,1687, 2115,1688, 2115,1689, 2115,1690, 2115,1691, 2114,1691, 2113,1692, 2112,1693, 2111,1694, 2111,1695, 2110,1695, 2109,1696, 2108,1697, 2107,1698, 2107,1699, 2106,1699, 2105,1699, 2104,1699, 2103,1699, 2102,1699, 2101,1700, 2100,1701, 2099,1702, 2099,1703, 2098,1703, 2097,1704, 2096,1705, 2095,1706, 2095,1707, 2094,1707, 2093,1707, 2092,1707, 2091,1707, 2090,1707, 2089,1707, 2088,1707, 2087,1707, 2086,1707, 2085,1707, 2084,1707, 2083,1707, 2082,1707, 2081,1708, 2080,1709, 2079,1710, 2079,1711, 2078,1711, 2077,1711, 2076,1711, 2075,1711, 2074,1711, 2073,1712, 2072,1713, 2071,1714, 2071,1715, 2070,1715, 2069,1715, 2068,1715, 2067,1715, 2066,1715, 2065,1715, 2064,1715, 2063,1715, 2062,1715, 2061,1715, 2060,1715, 2059,1715, 2058,1715, 2057,1715, 2056,1715, 2055,1715, 2054,1715, 2053,1715, 2052,1715, 2051,1715, 2050,1715, 2049,1715, 2048,1715, 2047,1715, 2046,1715, 2045,1715, 2044,1715, 2043,1715, 2042,1715, 2041,1715, 2040,1715, 2039,1715, 2038,1715, 2037,1715, 2036,1715, 2035,1715, 2034,1715, 2033,1715, 2032,1715, 2031,1715, 2030,1715, 2029,1715, 2028,1715, 2027,1715, 2026,1715, 2025,1714, 2024,1713, 2024,1712, 2023,1711, 2022,1711, 2021,1711, 2020,1711, 2019,1711, 2018,1710, 2017,1709, 2016,1708, 2015,1707, 2014,1707, 2013,1708, 2012,1709, 2011,1710, 2011,1710, 2010,1711, 2009,1710, 2008,1709, 2007,1708, 2007,1707, 2006,1707, 2005,1706, 2004,1705, 2004,1704, 2003,1703, 2002,1703, 2001,1703, 2000,1703, 1999,1703, 1998,1703, 1997,1702, 1996,1701, 1996,1700, 1995,1699, 1994,1699, 1993,1699, 1992,1699, 1991,1699, 1990,1699, 1989,1698, 1988,1697, 1988,1696, 1987,1695, 1986,1695, 1985,1695, 1984,1695, 1983,1695, 1982,1695, 1981,1695, 1980,1695, 1979,1695, 1978,1695, 1977,1695, 1976,1695, 1975,1695, 1974,1695, 1973,1694, 1972,1693, 1972,1692, 1971,1691, 1970,1691, 1969,1690, 1968,1689, 1968,1688, 1968,1687, 1968,1686, 1968,1685, 1968,1684, 1967,1683, 1966,1683, 1965,1682, 1964,1681, 1964,1680, 1963,1679, 1962,1679, 1961,1679, 1960,1679, 1959,1679, 1958,1679, 1957,1678, 1956,1677, 1956,1676, 1955,1675, 1954,1675, 1953,1674, 1952,1673, 1952,1672, 1951,1671, 1950,1671, 1949,1670, 1948,1669, 1948,1668, 1947,1667, 1946,1667, 1945,1666, 1944,1665, 1944,1664, 1944,1663, 1944,1662, 1944,1661, 1944,1660, 1943,1659, 1942,1659, 1941,1658, 1940,1657, 1940,1656, 1939,1655, 1938,1655, 1937,1655, 1936,1655, 1935,1655, 1934,1655, 1933,1654, 1932,1653, 1932,1652, 1931,1651, 1930,1651, 1929,1651, 1928,1651, 1927,1651, 1926,1651, 1925,1650, 1924,1649, 1923,1648, 1922,1647, 1921,1646, 1920
2,467, 1754,466, 1755,465, 1755,464, 1755,463, 1755,462, 1755,461, 1755,460, 1755,459, 1755,458, 1755,457, 1755,456, 1755,455, 1755,454, 1755,453, 1755,452, 1755,451, 1755,450, 1755,449, 1755,448, 1756,447, 1757,446, 1758,445, 1759,444, 1760,443, 1761,442, 1762,441, 1763,440, 1764,439, 1765,438, 1766,437, 1767,436, 1768,435, 1769,434, 1770,433, 1771,432, 1772,431, 1773,430, 1774,429, 1775,428, 1776,427, 1777,426, 1778,425, 1779,424, 1780,423, 1781,422, 1782,421, 1783,420, 1784,419, 1785,418, 1786,417, 1786,416, 1787,415, 1788,414, 1789,413, 1790,412, 1791,411, 1792,410, 1793,409, 1794,408, 1795,407, 1796,406, 1797,405, 1798,404, 1799,403, 1800,402, 1801,401, 1802,400, 1803,399, 1804,398, 1805,397, 1806,396, 1807,395, 1808,394, 1809,393, 1810,392, 1811,391, 1812,390, 1813,389, 1814,388, 1815,387, 1816,386, 1817,385, 1818,384, 1819,383, 1820,382, 1821,381, 1821,381, 1822,380, 1823,379, 1824,378, 1825,377, 1826,376, 1827,375, 1828,375, 1829,374, 1830,373, 1831,372, 1832,371, 1833,370, 1834,369, 1835,369, 1836,368, 1837,367, 1838,366, 1839,365, 1840,364, 1841,363, 1842,363, 1843,362, 1844,361, 1845,360, 1846,359, 1847,358, 1848,357, 1849,357, 1850,356, 1851,355, 1852,354, 1853,353, 1854,352, 1855,351, 1856,351, 1857,350, 1858,349, 1859,348, 1860,347, 1861,346, 1862,345, 1863,345, 1864,344, 1865,343, 1866,342, 1867,341, 1868,340, 1869,339, 1870,339, 1871,338, 1872,337, 1873,336, 1874,335, 1875,334, 1876,333, 1877,332, 1878,332, 1879,331, 1880,330, 1881,329, 1882,328, 1883,327, 1884,326, 1885,326, 1886,325, 1887,324, 1888,323, 1889,322, 1890,321, 1891,320, 1892,320, 1893,319, 1894,318, 1895,317, 1896,316, 1897,315, 1898,314, 1899,314, 1900,313, 1901,312, 1902,311, 1903,310, 1904,309, 1905,308, 1906,308, 1907,307, 1908,306, 1909,305, 1910,304, 1911,303, 1912,302, 1913,302, 1914,301, 1915,300, 1916,299, 1917,298, 1918,297, 1919,296, 1920,296, 1921,295, 1922,294, 1923,293, 1924,293, 1925,293, 1926,292, 1927,291, 1928,290, 1928,289, 1929,288, 1929,288, 1930,289, 1931,289, 1932,289, 1933,289, 1934,290, 1935,290, 1936,290, 1937,290, 1938,291, 1939,291, 1940,291, 1941,291, 1942,292, 1943,292, 1944,292, 1945,293, 1946,293, 1947,293, 1948,293, 1949,294, 1950,294, 1951,294, 1952,295, 1953,295, 1954,296, 1955,297, 1956,297, 1957,298, 1958,298, 1959,299, 1960,299, 1961,300, 1962,300, 1963,301, 1964,301, 1965,302, 1966,303, 1967,303, 1968,304, 1969,304, 1970,305, 1971,305, 1972,306, 1973,306, 1974,307, 1975,308, 1976,308, 1977,309, 1978,310, 1978,311, 1978,312, 1979,313, 1979,314, 1979,315, 1980,316, 1980,317, 1981,318, 1981,319, 1981,320, 1982,321, 1982,322, 1982,323, 1983,324, 1983,325, 1984,326, 1984,327, 1984,328, 1985,329, 1985,330, 1985,331, 1986,332, 1986,333, 1987,334, 1987,335, 1987,336, 1988,337, 1988,338, 1988,339, 1989,340, 1989,341, 1990,342, 1990,343, 1990,344, 1991,345, 1991,346, 1992,347, 1992,348, 1992,349, 1993,350, 1993,351, 1993,352, 1994,353, 1994,354, 1995,355, 1995,356, 1995,357, 1996,358, 1996,359, 1996,360, 1997,361, 1997,362, 1997,363, 1997,364, 1996,365, 1996,366, 1996,367, 1996,368, 1996,369, 1996,370, 1996,371, 1996,372, 1996,373, 1996,374, 1996,375, 1996,376, 1996,377, 1996,378, 1996,379, 1996,380, 1996,381, 1996,382, 1996,383, 1996,384, 1996,385, 1996,386, 1996,387, 1996,388, 1996,389, 1995,390, 1995,391, 1995,392, 1995,393, 1995,394, 1995,395, 1995,396, 1995,397, 1995,398, 1995,399, 1995,400, 1995,401, 1995,402, 1995,403, 1995,404, 1995,405, 1995,406, 1995,407, 1995,408, 1995,409, 1995,410, 1994,411, 1994,412, 1994,413, 1993,414, 1993,415, 1992,416, 1992,417, 1992,418, 1991,419, 1991,420, 1990,421, 1990,422, 1990,423, 1989,424, 1989,425, 1989,426, 1988,427, 1988,428, 1987,429, 1987,430, 1987,431, 1986,432, 1986,433, 1985,434, 1985,435, 1985,436, 1984,437, 1984,438, 1983,439, 1983,440, 1983,441, 1982,442, 1982,443, 1982,444, 1981,445, 1981,446, 1980,447, 1980,448, 1980,449, 1979,450, 1978,451, 1977,452, 1976,453, 1975,454, 1974,455, 1973,456, 1972,457, 1971,458, 1970,459, 1969,460, 1968,461, 1967,462, 1966,463, 1965,464, 1964,465, 1963,465, 1962,466, 1961,467, 1960,468, 1959,469, 1958,470, 1957,471, 1956,472, 1955,473, 1954,474, 1953,475, 1952,476, 1951,477, 1950,478, 1949,479, 1948,480, 1947,481, 1946,482, 1945,483, 1944,484, 1943,485, 1942,486, 1941,486, 1940,487, 1939,488, 1938,489, 1937,490, 1936,491, 1935,492, 1934,493, 1933,494, 1932,495, 1931,495, 1930,496, 1929,497, 1928,498, 1927,499, 1926,500, 1925,501, 1924,501, 1923,502, 1922,503, 1921,504, 1920,505, 1919,506, 1918,507, 1917,507, 1916,508, 1915,509, 1914,510, 1913,511, 1912,512, 1911,513, 1910,514, 1909,514, 1908,515, 1907,515, 1906,516, 1905,516, 1904,517, 1903,517, 1902,518, 1901,518, 1900,519, 1899,519, 1898,520, 1897,520, 1896,521, 1895,521, 1894,522, 1893,522, 1892,523, 1891,523, 1890,524, 1889,524, 1888,525, 1887,525, 1886,526, 1885,526, 1884,527, 1883,527, 1882,528, 1881,528, 1880,529, 1879,530, 1878,530, 1877,531, 1876,531, 1875,532, 1874,532, 1873,533, 1872,533, 1871,534, 1870,534, 1869,535, 1868,535, 1867,536, 1866,536, 1865,536, 1864,536, 1863,536, 1862,536, 1861,536, 1860,536, 1859,536, 1858,536, 1857,536, 1856,536, 1855,536, 1854,536, 1853,536, 1852,536, 1851,536, 1850,536, 1849,536, 1848,536, 1847,536, 1846,536, 1845,536, 1844,536, 1843,536, 1842,536, 1841,536, 1840,536, 1839,536, 1838,536, 1837,536, 1836,536, 1835,536, 1834,536, 1833,535, 1832,535, 1831,535, 1830,535, 1829,535, 1828,535, 1827,535, 1826,535, 1825,535, 1824,535, 1823,535, 1822,534, 1821,534, 1820,533, 1819,532, 1818,532, 1817,531, 1816,531, 1815,530, 1814,529, 1813,529, 1812,528, 1811,528, 1810,527, 1809,526, 1808,526, 1807,525, 1806,525, 1805,524, 1804,523, 1803,523, 1802,522, 1801,522, 1800,521, 1799,520, 1798,520, 1797,519, 1796,519, 1795,518, 1794,517, 1793,517, 1792,516, 1791,516, 1790,515, 1789,514, 1788,514, 1787,513, 1786,513, 1785,512, 1784,511, 1783,511, 1782,510, 1781,510, 1780,509, 1779,508, 1778,508, 1777,507, 1776,507, 1775,506, 1774,505, 1774,504, 1773,503, 1773,502, 1772,501, 1771,500, 1771,499, 1770,498, 1770,497, 1769,496, 1768,495, 1768,494, 1767,493, 1767,492, 1766,491, 1765,490, 1765,489, 1764,488, 1764,487, 1763,486, 1762,485, 1762,484, 1761,483, 1761,482, 1760,481, 1759,480, 1759,479, 1758,478, 1758,477, 1757,476, 1756,475, 1756,474, 1755,473, 1755,472, 1754,471, 1754,470, 1754,469, 1754,468, 1754
2,2169, 1224,2168, 1225,2168, 1226,2167, 1227,2166, 1228,2165, 1228,2164, 1228,2163, 1228,2162, 1228,2161, 1228,2160, 1228,2159, 1228,2158, 1228,2157, 1228,2156, 1228,2155, 1228,2154, 1228,2153, 1228,2152, 1228,2151, 1228,2150, 1228,2149, 1228,2148, 1228,2147, 1228,2146, 1228,2145, 1228,2144, 1228,2143, 1228,2142, 1228,2141, 1228,2140, 1229,2140, 1230,2140, 1231,2140, 1232,2140, 1233,2140, 1234,2139, 1235,2138, 1236,2137, 1236,2136, 1236,2135, 1236,2134, 1236,2133, 1236,2132, 1237,2132, 1238,2131, 1239,2130, 1240,2129, 1240,2128, 1241,2128, 1242,2127, 1243,2126, 1244,2125, 1244,2124, 1245,2124, 1246,2123, 1247,2122, 1248,2121, 1248,2120, 1248,2119, 1248,2118, 1248,2117, 1248,2116, 1249,2116, 1250,2116, 1251,2116, 1252,2116, 1253,2116, 1254,2115, 1255,2114, 1256,2113, 1256,2112, 1257,2112, 1258,2111, 1259,2110, 1260,2109, 1260,2108, 1261,2108, 1262,2107, 1263,2106, 1264,2105, 1264,2104, 1265,2104, 1266,2103, 1267,2102, 1268,2101, 1268,2100, 1269,2100, 1270,2100, 1271,2100, 1272,2100, 1273,2100, 1274,2099, 1275,2098, 1276,2097, 1276,2096, 1277,2096, 1278,2096, 1279,2096, 1280,2096, 1281,2096, 1282,2095, 1283,2094, 1284,2093, 1284,2092, 1285,2092, 1286,2091, 1287,2090, 1288,2089, 1288,2088, 1289,2088, 1290,2088, 1291,2088, 1292,2088, 1293,2088, 1294,2087, 1295,2086, 1296,2085, 1296,2084, 1297,2084, 1298,2084, 1299,2084, 1300,2084, 1301,2084, 1302,2084, 1303,2084, 1304,2084, 1305,2084, 1306,2084, 1307,2084, 1308,2084, 1309,2084, 1310,2083, 1311,2082, 1312,2081, 1312,2080, 1313,2080, 1314,2080, 1315,2080, 1316,2080, 1317,2080, 1318,2080, 1319,2080, 1320,2080, 1321,2080, 1322,2080, 1323,2080, 1324,2080, 1325,2080, 1326,2080, 1327,2080, 1328,2080, 1329,2080, 1330,2080, 1331,2080, 1332,2080, 1333,2080, 1334,2079, 1335,2078, 1336,2077, 1336,2076, 1337,2076, 1338,2076, 1339,2076, 1340,2076, 1341,2076, 1342,2076, 1343,2076, 1344,2076, 1345,2076, 1346,2076, 1347,2076, 1348,2076, 1349,2076, 1350,2076, 1351,2076, 1352,2076, 1353,2076, 1354,2076, 1355,2076, 1356,2076, 1357,2076, 1358,2076, 1359,2076, 1360,2076, 1361,2076, 1362,2076, 1363,2076, 1364,2076, 1365,2076, 1366,2077, 1367,2078, 1367,2079, 1368,2080, 1369,2080, 1370,2080, 1371,2080, 1372,2080, 1373,2080, 1374,2080, 1375,2080, 1376,2080, 1377,2080, 1378,2081, 1379,2082, 1379,2083, 1380,2084, 1381,2084, 1382,2085, 1383,2086, 1383,2087, 1384,2088, 1385,2088, 1386,2088, 1387,2088, 1388,2088, 1389,2088, 1390,2088, 1391,2088, 1392,2088, 1393,2088, 1394,2089, 1395,2090, 1395,2091, 1396,2092, 1397,2092, 1398,2092, 1399,2092, 1400,2092, 1401,2092, 1402,2093, 1403,2094, 1403,2095, 1404,2096, 1405,2096, 1406,2096, 1407,2096, 1408,2096, 1409,2096, 1410,2097, 1411,2098, 1411,2099, 1412,2100, 1413,2100, 1414,2100, 1415,2100, 1416,2100, 1417,2100, 1418,2101, 1419,2102, 1419,2103, 1420,2104, 1421,2104, 1422,2105, 1423,2106, 1423,2107, 1424,2108, 1425,2108, 1426,2108, 1427,2108, 1428,2108, 1429,2108, 1430,2108, 1431,2108, 1432,2108, 1433,2108, 1434,2109, 1435,2110, 1435,2111, 1436,2112, 1437,2112, 1438,2113, 1439,2114, 1439,2115, 1440,2116, 1441,2116, 1442,2117, 1443,2118, 1443,2119, 1444,2120, 1445,2120, 1446,2121, 1447,2122, 1447,2123, 1448,2124, 1449,2124, 1450,2125, 1451,2126, 1451,2127, 1451,2128, 1451,2129, 1451,2130, 1451,2131, 1452,2132, 1453,2132, 1454,2133, 1455,2134, 1455,2135, 1455,2136, 1455,2137, 1455,2138, 1455,2139, 1456,2140, 1457,2140, 1458,2141, 1459,2142, 1459,2143, 1459,2144, 1459,2145, 1459,2146, 1459,2147, 1460,2148, 1461,2148, 1462,2149, 1463,2150, 1463,2151, 1463,2152, 1463,2153, 1463,2154, 1463,2155, 1463,2156, 1463,2157, 1463,2158, 1463,2159, 1464,2160, 1465,2160, 1466,2161, 1467,2162, 1467,2163, 1467,2164, 1467,2165, 1467,2166, 1467,2167, 1467,2168, 1467,2169, 1467,2170, 1467,2171, 1467,2172, 1467,2173, 1467,2174, 1467,2175, 1468,2176, 1469,2176, 1470,2177, 1471,2178, 1471,2179, 1471,2180, 1471,2181, 1471,2182, 1471,2183, 1471,2184, 1471,2185, 1471,2186, 1471,2187, 1471,2188, 1471,2189, 1471,2190, 1471,2191, 1471,2192, 1471,2193, 1471,2194, 1471,2195, 1471,2196, 1471,2197, 1471,2198, 1471,2199, 1470,2199, 1469,2200, 1468,2201, 1467,2202, 1467,2203, 1467,2204, 1467,2205, 1467,2206, 1467,2207, 1467,2208, 1467,2209, 1467,2210, 1467,2211, 1467,2212, 1467,2213, 1467,2214, 1467,2215, 1466,2215, 1465,2216, 1464,2217, 1463,2218, 1463,2219, 1463,2220, 1463,2221, 1463,2222, 1463,2223, 1463,2224, 1463,2225, 1463,2226, 1463,2227, 1463,2228, 1463,2229, 1463,2230, 1463,2231, 1463,2232, 1463,2233, 1463,2234, 1463,2235, 1462,2235, 1461,2236, 1460,2237, 1459,2238, 1459,2239, 1459,2240, 1459,2241, 1459,2242, 1459,2243, 1459,2244, 1459,2245, 1459,2246, 1459,2247, 1459,2248, 1459,2249, 1459,2250, 1459,2251, 1458,2251, 1457,2252, 1456,2253, 1455,2254, 1455,2255, 1454,2255, 1453,2256, 1452,2257, 1451,2258, 1451,2259, 1451,2260, 1451,2261, 1451,2262, 1451,2263, 1450,2263, 1449,2264, 1448,2265, 1447,2266, 1447,2267, 1447,2268, 1447,2269, 1447,2270, 1447,2271, 1446,2271, 1445,2272, 1444,2273, 1443,2274, 1443,2275, 1442,2275, 1441,2276, 1440,2277, 1439,2278, 1439,2279, 1439,2280, 1439,2281, 1439,2282, 1439,2283, 1438,2283, 1437,2284, 1436,2285, 1435,2286, 1435,2287, 1434,2287, 1433,2288, 1432,2289, 1431,2290, 1431,2291, 1430,2291, 1429,2292, 1428,2293, 1427,2294, 1427,2295, 1426,2295, 1425,2296, 1424,2297, 1423,2298, 1423,2299, 1422,2299, 1421,2299, 1420,2299, 1419,2299, 1418,2299, 1417,2300, 1416,2301, 1415,2302, 1415,2303, 1414,2303, 1413,2304, 1412,2305, 1411,2306, 1411,2307, 1410,2307, 1409,2307, 1408,2307, 1407,2307, 1406,2307, 1405,2307, 1404,2307, 1403,2307, 1402,2307, 1401,2308, 1400,2309, 1399,2310, 1399,2311, 1398,2311, 1397,2312, 1396,2313, 1395,2314, 1395,2315, 1394,2315, 1393,2315, 1392,2315, 1391,2315, 1390,2315, 1389,2315, 1388,2315, 1387,2315, 1386,2315, 1385,2315, 1384,2315, 1383,2315, 1382,2315, 1381,2316, 1380,2317, 1379,2318, 1379,2319, 1378,2319, 1377,2320, 1376,2321, 1375,2322, 1375,2323, 1374,2323, 1373,2323, 1372,2323, 1371,2323, 1370,2323, 1369,2323, 1368,2323, 1367,2323, 1366,2323, 1365,2323, 1364,2323, 1363,2323, 1362,2323, 1361,2323, 1360,2323, 1359,2323, 1358,2323, 1357,2324, 1356,2325, 1355,2326, 1355,2327, 1354,2327, 1353,2327, 1352,2327, 1351,2327, 1350,2327, 1349,2327, 1348,2327, 1347,2327, 1346,2327, 1345,2327, 1344,2327, 1343,2327, 1342,2327, 1341,2327, 1340,2327, 1339,2327, 1338,2327, 1337,2327, 1336,2327, 1335,2327, 1334,2327, 1333,2327, 1332,2327, 1331,2327, 1330,2327, 1329,2327, 1328,2327, 1327,2327, 1326,2327, 1325,2326, 1324,2325, 1324,2324, 1323,2323, 1322,2323, 1321,2323, 1320,2323, 1319,2323, 1318,2323, 1317,2323, 1316,2323, 1315,2323, 1314,2323, 1313,2323, 1312,2323, 1311,2323, 1310,2323, 1309,2323, 1308,2323, 1307,2323, 1306,2323, 1305,2323, 1304,2323, 1303,2323, 1302,2323, 1301,2322, 1300,2321, 1300,2320, 1299,2319, 1298,2319, 1297,2319, 1296,2319, 1295,2319, 1294,2319, 1293,2319, 1292,2319, 1291,2319, 1290,2319, 1289,2318, 1288,2317, 1288,2316, 1287,2315, 1286,2315, 1285,2314, 1284,2313, 1284,2312, 1283,2311, 1282,2311, 1281,2310, 1280,2309, 1280,2308, 1279,2307, 1278,2307, 1277,2306, 1276,2305, 1276,2304, 1275,2303, 1274,2303, 1273,2302, 1272,2301, 1272,2300, 1271,2299, 1270,2299, 1269,2298, 1268,2297, 1268,2296, 1268,2295, 1268,2294, 1268,2293, 1268,2292, 1267,2291, 1266,2291, 1265,2290, 1264,2289, 1264,2288, 1263,2287, 1262,2287, 1261,2286, 1260,2285, 1260,2284, 1260,2283, 1260,2282, 1260,2281, 1260,2280, 1259,2279, 1258,2279, 1257,2278, 1256,2277, 1256,2276, 1256,2275, 1256,2274, 1256,2273, 1256,2272, 1255,2271, 1254,2271, 1253,2270, 1252,2269, 1252,2268, 1251,2267, 1250,2267, 1249,2266, 1248,2265, 1248,2264, 1248,2263, 1248,2262, 1248,2261, 1248,2260, 1247,2259, 1246,2259, 1245,2258, 1244,2257, 1244,2256, 1244,2255, 1244,2254, 1244,2253, 1244,2252, 1243,2251, 1242,2251, 1241,2250, 1240,2249, 1240,2248, 1240,2247, 1240,2246, 1240,2245, 1240,2244, 1240,2243, 1240,2242, 1240,2241, 1240,2240, 1239,2239, 1238,2239, 1237,2238, 1236,2237, 1236,2236, 1236,2235, 1236,2234, 1236,2233, 1235,2232, 1234,2231, 1233,2230, 1232,2229, 1233,2228, 1233,2228, 1234,2227, 1235,2226, 1235,2225, 1236,2224, 1235,2223, 1234,2222, 1233,2221, 1232,2220, 1231,2219, 1230,2219, 1229,2218, 1228,2217, 1228,2216, 1228,2215, 1228,2214, 1228,2213, 1228,2212, 1228,2211, 1228,2210, 1228,2209, 1228,2208, 1228,2207, 1228,2206, 1228,2205, 1228,2204, 1228,2203, 1228,2202, 1228,2201, 1228,2200, 1228,2199, 1228,2198, 1228,2197, 1228,2196, 1228,2195, 1228,2194, 1228,2193, 1228,2192, 1227,2191, 1226,2191, 1225,2190, 1224,2189, 1224,2188, 1224,2187, 1224,2186, 1224,2185, 1224,2184, 1224,2183, 1224,2182, 1224,2181, 1224,2180, 1224,2179, 1224,2178, 1224,2177, 1224,2176, 1224,2175, 1224,2174, 1224,2173, 1224,2172, 1224,2171, 1224,2170, 1224
2,2165, 984,2164, 985,2164, 986,2163, 987,2162, 988,2161, 988,2160, 988,2159, 988,2158, 988,2157, 988,2156, 988,2155, 988,2154, 988,2153, 988,2152, 988,2151, 988,2150, 988,2149, 988,2148, 989,2148, 990,2147, 991,2146, 992,2145, 992,2144, 993,2144, 994,2143, 995,2142, 996,2141, 996,2140, 997,2140, 998,2139, 999,2138, 1000,2137, 1000,2136, 1000,2135, 1000,2134, 1000,2133, 1000,2132, 1001,2132, 1002,2131, 1003,2130, 1004,2129, 1004,2128, 1004,2127, 1004,2126, 1004,2125, 1004,2124, 1005,2124, 1006,2123, 1007,2122, 1008,2121, 1008,2120, 1009,2120, 1010,2119, 1011,2118, 1012,2117, 1012,2116, 1013,2116, 1014,2115, 1015,2114, 1016,2113, 1016,2112, 1017,2112, 1018,2111, 1019,2110, 1020,2109, 1020,2108, 1020,2107, 1020,2106, 1020,2105, 1020,2104, 1021,2104, 1022,2103, 1023,2102, 1024,2101, 1024,2100, 1025,2100, 1026,2099, 1027,2098, 1028,2097, 1028,2096, 1029,2096, 1030,2096, 1031,2096, 1032,2096, 1033,2096, 1034,2096, 1035,2096, 1036,2096, 1037,2096, 1038,2096, 1039,2096, 1040,2096, 1041,2096, 1042,2095, 1043,2094, 1044,2093, 1044,2092, 1045,2092, 1046,2091, 1047,2090, 1048,2089, 1048,2088, 1049,2088, 1050,2087, 1051,2086, 1052,2085, 1052,2084, 1052,2083, 1052,2082, 1052,2081, 1052,2080, 1053,2080, 1054,2080, 1055,2080, 1056,2080, 1057,2080, 1058,2079, 1059,2078, 1060,2077, 1060,2076, 1061,2076, 1062,2076, 1063,2076, 1064,2076, 1065,2076, 1066,2076, 1067,2076, 1068,2076, 1069,2076, 1070,2076, 1071,2076, 1072,2076, 1073,2076, 1074,2076, 1075,2076, 1076,2076, 1077,2076, 1078,2075, 1079,2074, 1080,2073, 1080,2072, 1081,2072, 1082,2071, 1083,2070, 1084,2069, 1084,2068, 1085,2068, 1086,2067, 1087,2066, 1088,2065, 1088,2064, 1089,2064, 1090,2064, 1091,2064, 1092,2064, 1093,2064, 1094,2064, 1095,2064, 1096,2064, 1097,2064, 1098,2064, 1099,2064, 1100,2064, 1101,2064, 1102,2064, 1103,2064, 1104,2064, 1105,2064, 1106,2064, 1107,2064, 1108,2064, 1109,2064, 1110,2064, 1111,2064, 1112,2064, 1113,2064, 1114,2063, 1115,2062, 1116,2061, 1116,2060, 1117,2060, 1118,2059, 1119,2058, 1120,2057, 1120,2056, 1121,2056, 1122,2055, 1123,2054, 1124,2053, 1124,2052, 1125,2052, 1126,2052, 1127,2052, 1128,2052, 1129,2052, 1130,2052, 1131,2052, 1132,2052, 1133,2052, 1134,2052, 1135,2052, 1136,2052, 1137,2052, 1138,2053, 1139,2054, 1139,2055, 1139,2056, 1139,2057, 1139,2058, 1139,2059, 1140,2060, 1141,2060, 1142,2061, 1143,2062, 1143,2063, 1143,2064, 1143,2065, 1143,2066, 1143,2067, 1144,2068, 1145,2068, 1146,2069, 1147,2070, 1147,2071, 1147,2072, 1147,2073, 1147,2074, 1147,2075, 1148,2076, 1149,2076, 1150,2076, 1151,2076, 1152,2076, 1153,2076, 1154,2077, 1155,2078, 1155,2079, 1156,2080, 1157,2080, 1158,2080, 1159,2080, 1160,2080, 1161,2080, 1162,2080, 1163,2080, 1164,2080, 1165,2080, 1166,2081, 1167,2082, 1167,2083, 1168,2084, 1169,2084, 1170,2085, 1171,2086, 1171,2087, 1172,2088, 1173,2088, 1174,2089, 1175,2090, 1175,2091, 1175,2092, 1175,2093, 1175,2094, 1175,2095, 1175,2096, 1175,2097, 1175,2098, 1175,2099, 1176,2100, 1177,2100, 1178,2101, 1179,2102, 1179,2103, 1179,2104, 1179,2105, 1179,2106, 1179,2107, 1180,2108, 1181,2108, 1182,2108, 1183,2108, 1184,2108, 1185,2108, 1186,2108, 1187,2108, 1188,2108, 1189,2109, 1190,2110, 1191,2111, 1192,2112, 1193,2111, 1194,2111, 1195,2110, 1196,2109, 1196,2109, 1197,2108, 1198,2109, 1199,2110, 1199,2111, 1199,2112, 1199,2113, 1199,2114, 1199,2115, 1199,2116, 1199,2117, 1199,2118, 1199,2119, 1200,2120, 1201,2120, 1202,2120, 1203,2120, 1204,2120, 1205,2120, 1206,2121, 1207,2122, 1207,2123, 1206,2124, 1205,2125, 1204,2126, 1203,2127, 1203,2128, 1203,2129, 1203,2130, 1203,2131, 1202,2131, 1201,2131, 1200,2131, 1199,2131, 1198,2131, 1197,2130, 1196,2129, 1196,2128, 1196,2127, 1196,2126, 1196,2125, 1196,2124, 1195,2123, 1194,2123, 1193,2123, 1192,2123, 1191,2123, 1190,2123, 1189,2124, 1188,2125, 1187,2126, 1187,2127, 1187,2128, 1187,2129, 1187,2130, 1187,2131, 1187,2132, 1187,2133, 1187,2134, 1187,2135, 1187,2136, 1187,2137, 1187,2138, 1187,2139, 1187,2140, 1187,2141, 1187,2142, 1187,2143, 1186,2143, 1185,2144, 1184,2145, 1183,2146, 1183,2147, 1182,2147, 1181,2148, 1180,2149, 1179,2150, 1179,2151, 1178,2151, 1177,2152, 1176,2153, 1175,2154, 1175,2155, 1175,2156, 1175,2157, 1175,2158, 1175,2159, 1175,2160, 1175,2161, 1175,2162, 1175,2163, 1174,2163, 1173,2164, 1172,2165, 1171,2166, 1171,2167, 1170,2167, 1169,2168, 1168,2169, 1167,2170, 1167,2171, 1166,2171, 1165,2172, 1164,2173, 1163,2174, 1163,2175, 1163,2176, 1163,2177, 1163,2178, 1163,2179, 1162,2179, 1161,2179, 1160,2179, 1159,2179, 1158,2179, 1157,2180, 1156,2181, 1155,2182, 1155,2183, 1155,2184, 1155,2185, 1155,2186, 1155,2187, 1154,2187, 1153,2188, 1152,2189, 1151,2190, 1151,2191, 1151,2192, 1151,2193, 1151,2194, 1151,2195, 1151,2196, 1151,2197, 1151,2198, 1151,2199, 1151,2200, 1151,2201, 1151,2202, 1151,2203, 1152,2204, 1153,2204, 1154,2205, 1155,2206, 1156,2207, 1157,2208, 1158,2209, 1159,2210, 1159,2211, 1158,2211, 1157,2211, 1156,2211, 1155,2211, 1154,2211, 1153,2211, 1152,2211, 1151,2211, 1150,2211, 1149,2211, 1148,2211, 1147,2211, 1146,2211, 1145,2212, 1144,2213, 1143,2214, 1143,2215, 1142,2215, 1141,2216, 1140,2217, 1139,2218, 1139,2219, 1138,2219, 1137,2220, 1136,2221, 1135,2222, 1135,2223, 1135,2224, 1135,2225, 1135,2226, 1135,2227, 1134,2227, 1133,2228, 1132,2229, 1131,2230, 1131,2231, 1130,2231, 1129,2231, 1128,2231, 1127,2231, 1126,2231, 1125,2232, 1124,2233, 1123,2234, 1123,2235, 1122,2235, 1121,2235, 1120,2235, 1119,2235, 1118,2235, 1117,2236, 1116,2237, 1115,2238, 1115,2239, 1114,2239, 1113,2239, 1112,2239, 1111,2239, 1110,2239, 1109,2240, 1108,2241, 1107,2242, 1107,2243, 1106,2243, 1105,2243, 1104,2243, 1103,2243, 1102,2243, 1101,2244, 1100,2245, 1099,2246, 1099,2247, 1098,2247, 1097,2248, 1096,2249, 1095,2250, 1095,2251, 1094,2251, 1093,2252, 1092,2253, 1091,2254, 1091,2255, 1090,2255, 1089,2256, 1088,2257, 1087,2258, 1087,2259, 1087,2260, 1087,2261, 1087,2262, 1087,2263, 1087,2264, 1087,2265, 1087,2266, 1087,2267, 1086,2267, 1085,2267, 1084,2267, 1083,2267, 1082,2267, 1081,2268, 1080,2269, 1079,2270, 1079,2271, 1078,2271, 1077,2271, 1076,2271, 1075,2271, 1074,2271, 1073,2271, 1072,2271, 1071,2271, 1070,2271, 1069,2270, 1068,2269, 1068,2268, 1067,2267, 1066,2267, 1065,2267, 1064,2267, 1063,2267, 1062,2267, 1061,2266, 1060,2265, 1060,2264, 1059,2263, 1058,2263, 1057,2263, 1056,2263, 1055,2263, 1054,2263, 1053,2262, 1052,2261, 1052,2260, 1051,2259, 1050,2259, 1049,2258, 1048,2257, 1048,2256, 1047,2255, 1046,2255, 1045,2254, 1044,2253, 1044,2252, 1044,2251, 1044,2250, 1044,2249, 1044,2248, 1043,2247, 1042,2247, 1041,2247, 1040,2247, 1039,2247, 1038,2247, 1037,2247, 1036,2247, 1035,2247, 1034,2247, 1033,2246, 1032,2245, 1032,2244, 1031,2243, 1030,2243, 1029,2243, 1028,2243, 1027,2243, 1026,2243, 1025,2243, 1024,2243, 1023,2243, 1022,2243, 1021,2242, 1020,2241, 1020,2240, 1019,2239, 1018,2239, 1017,2238, 1016,2237, 1016,2236, 1015,2235, 1014,2235, 1013,2234, 1012,2233, 1012,2232, 1012,2231, 1012,2230, 1012,2229, 1012,2228, 1011,2227, 1010,2227, 1009,2226, 1008,2225, 1008,2224, 1007,2223, 1006,2223, 1005,2222, 1004,2221, 1004,2220, 1003,2219, 1002,2219, 1001,2218, 1000,2217, 1000,2216, 999,2215, 998,2215, 997,2214, 996,2213, 996,2212, 995,2211, 994,2211, 993,2210, 992,2209, 992,2208, 992,2207, 992,2206, 992,2205, 992,2204, 992,2203, 992,2202, 992,2201, 992,2200, 991,2199, 990,2199, 989,2198, 988,2197, 988,2196, 988,2195, 988,2194, 988,2193, 988,2192, 988,2191, 988,2190, 988,2189, 988,2188, 988,2187, 988,2186, 988,2185, 988,2184, 988,2183, 988,2182, 988,2181, 988,2180, 988,2179, 988,2178, 988,2177, 988,2176, 987,2175, 986,2175, 985,2174, 984,2173, 984,2172, 984,2171, 984,2170, 984,2169, 984,2168, 984,2167, 984,2166, 984
